Number of jobs completed within time frame: 8479

42784	
42801	
42720	
42806	
42807	
42808	
42809	
42812	
42813	
42815	
42814	
42816	
42817	
42818	
42819	
42820	
42821	
42822	
42823	
42824	
42830	
42825	
42805	
42799	
42835	
42836	
42838	
42839	
42840	
42841	
42850	
42845	
42846	
42847	
42848	
42849	
42852	
42853	
42861	
42855	
42856	
42858	
42859	
42864	
42862	
42863	
42865	
42866	
42867	
42870	
42871	
42872	
42875	
42874	
42878	
42876	
42877	
42811	
42881	
42882	
42860	
42884	
42880	
42851	
42886	
42887	
42885	
42891	
42869	
42894	
42879	
42895	
42844	
42896	
42897	
42898	
42837	
42899	
42900	
42893	
42892	
42903	
42904	
42873	
42804	
42907	
42908	
42902	
42910	
42726	
42909	
42854	
42917	
42905	
42920	
42921	
42923	
42918	
42919	
42927	
42928	
42929	
42930	
42931	
42932	
42933	
42934	
42936	
42925	
42937	
42939	
42940	
42916	
42941	
42938	
42942	
42943	
42944	
42945	
42946	
42922	
42947	
42948	
42949	
42950	
42913	
42958	
42912	
42959	
42810	
42775	
42968	
42963	
42962	
42967	
42964	
42966	
42969	
42965	
42970	
42971	
42974	
42975	
42976	
42744	
42698	
42973	
42340	
42456	
42977	
42972	
42979	
42978	
42699	
42960	
42983	
42982	
42780	
42988	
42992	
42993	
42994	
42995	
42996	
42997	
43003	
43004	
43005	
43009	
43010	
43011	
43013	
43014	
43008	
42990	
43018	
43017	
43019	
43020	
42911	
43024	
42953	
43016	
43026	
43027	
43012	
43030	
43031	
43033	
43034	
43032	
43037	
43038	
43039	
43040	
43041	
43042	
43043	
43046	
43048	
43049	
43051	
43053	
43054	
43056	
43028	
43058	
43050	
43060	
42957	
43066	
43067	
43065	
43068	
43069	
43070	
43074	
43075	
43076	
43077	
43078	
43072	
43073	
43061	
43071	
43062	
43080	
43081	
43083	
43100	
43101	
43102	
43103	
43104	
43105	
43063	
43110	
43111	
43112	
43113	
43114	
43090	
43092	
43094	
43096	
43119	
43120	
43121	
43122	
43123	
43124	
43082	
43109	
43118	
43116	
43117	
43106	
43128	
43129	
43130	
43131	
43132	
43137	
43135	
43136	
43126	
43138	
43036	
43139	
43144	
43145	
43149	
43150	
43152	
43155	
43156	
43157	
43159	
43160	
43161	
43164	
43165	
43166	
43167	
43168	
43170	
43171	
43174	
43175	
43176	
43177	
43178	
43179	
43180	
43185	
43182	
43183	
43181	
43184	
43186	
43188	
43192	
43193	
43194	
43195	
43172	
43196	
43197	
43198	
43088	
43199	
43200	
43201	
43191	
43210	
43211	
43187	
43212	
43213	
43214	
43134	
43216	
43217	
43218	
43222	
43224	
43205	
43203	
43226	
43240	
43247	
43245	
43035	
43246	
43162	
43253	
43252	
43206	
43204	
43251	
43207	
43256	
43257	
43107	
43259	
43261	
43237	
43260	
43234	
43233	
43154	
43254	
43232	
43263	
43007	
43272	
43278	
43281	
43282	
43283	
43288	
43289	
43290	
43231	
43271	
43296	
43297	
43299	
43300	
43301	
43273	
43235	
43305	
43291	
43311	
43312	
43313	
43314	
43108	
43265	
43315	
43266	
43318	
43309	
43319	
43133	
43324	
43326	
43127	
43327	
43329	
43262	
43328	
43330	
43325	
43316	
43269	
43277	
43333	
43334	
43335	
43336	
43337	
43339	
43340	
43341	
43342	
43343	
43344	
43346	
43347	
43348	
43353	
43349	
43236	
43332	
43354	
43268	
43306	
43264	
43115	
43091	
43360	
43357	
43270	
43400	
43401	
43402	
43403	
43404	
43303	
43408	
43409	
43385	
43386	
43379	
43383	
43381	
43380	
43382	
43378	
43411	
43377	
43414	
43413	
43415	
43406	
43416	
43417	
43418	
43419	
43420	
43421	
43426	
43427	
43389	
43388	
43390	
43384	
43371	
43457	
43429	
43387	
43394	
43391	
43463	
43464	
43447	
43469	
43470	
43473	
43474	
43307	
43475	
43476	
43478	
43479	
43480	
43308	
43439	
43361	
43428	
43430	
43481	
43482	
43456	
43484	
43485	
43487	
43488	
43496	
43489	
43492	
43493	
43461	
43498	
43499	
43505	
43506	
43497	
43507	
43508	
43509	
43510	
43511	
43512	
43500	
43513	
43514	
43515	
43516	
43517	
43522	
43440	
43531	
43532	
43533	
43536	
43537	
43399	
43538	
43543	
43545	
43546	
43547	
43501	
43548	
43549	
43534	
43338	
43502	
43552	
43553	
43554	
43555	
43398	
43396	
43558	
43504	
43491	
43345	
43556	
43444	
43566	
43565	
43568	
43572	
43570	
43571	
43569	
43576	
43574	
43577	
43578	
43567	
43579	
43580	
43581	
43573	
43575	
43584	
43562	
43597	
43608	
43612	
43609	
43610	
43611	
43441	
43618	
43619	
43620	
43635	
43395	
43639	
43640	
43641	
43643	
43593	
43617	
43655	
43587	
43658	
43564	
43631	
43423	
43633	
43634	
43458	
43667	
43664	
43624	
43559	
43642	
43669	
43665	
43679	
43680	
43598	
43274	
43683	
43666	
43637	
43686	
43692	
43448	
43694	
43695	
43696	
43697	
43699	
43701	
43703	
43690	
43693	
43705	
43707	
43685	
43592	
43708	
43712	
43709	
43663	
43714	
43713	
43715	
43710	
43449	
43535	
43331	
43529	
43530	
43682	
43551	
43711	
43720	
43734	
43736	
43747	
43716	
43748	
43750	
43757	
43755	
43749	
43751	
43764	
43745	
43762	
43451	
43758	
43768	
43769	
43774	
43775	
43776	
43754	
43759	
43760	
43770	
43590	
43410	
43789	
43780	
43791	
43792	
43795	
43790	
43797	
43798	
43804	
43802	
43803	
43808	
43809	
43811	
42981	
43812	
43813	
43814	
43815	
43816	
43817	
43818	
43819	
43820	
43824	
43827	
43829	
43830	
43831	
43835	
43837	
43832	
43838	
43781	
43836	
43841	
43842	
43843	
43844	
43591	
43828	
43846	
43840	
43847	
43825	
43848	
43849	
43850	
43851	
43852	
43853	
43860	
43863	
43854	
43865	
43866	
43867	
43868	
43869	
43871	
43873	
43875	
43872	
43874	
43861	
43777	
43877	
43880	
43878	
43833	
43895	
43771	
43897	
43898	
43899	
43896	
43900	
43901	
43908	
43907	
43916	
43917	
43919	
43920	
43882	
43731	
43926	
43927	
43928	
43929	
43930	
43910	
43934	
43935	
43937	
43939	
43681	
43941	
43947	
43942	
43943	
43944	
43945	
43946	
43948	
43949	
43951	
43952	
43953	
43954	
43955	
43956	
43957	
43938	
43960	
43959	
43963	
43964	
43965	
43966	
43968	
43969	
43970	
43971	
43972	
43881	
43922	
43961	
43962	
43845	
43979	
43980	
43981	
43982	
43983	
43984	
43985	
43931	
43988	
43986	
43987	
43894	
43782	
43989	
43967	
43998	
43999	
44000	
44001	
44002	
44003	
44004	
44005	
44006	
44007	
44008	
44009	
44010	
44011	
44012	
44013	
44014	
44015	
44016	
44018	
44017	
44021	
44023	
44022	
44024	
44025	
44026	
44028	
44027	
44030	
44053	
44029	
44052	
44055	
44056	
44057	
44058	
44059	
44060	
44061	
44062	
44063	
44064	
44054	
44065	
44067	
44068	
44069	
44070	
44071	
44075	
44076	
44078	
44080	
44081	
44079	
44084	
44087	
44088	
44091	
44090	
44092	
44093	
44089	
44094	
44096	
44097	
44098	
44099	
43888	
44100	
44101	
44102	
44103	
44083	
44104	
44074	
44073	
44105	
44106	
43892	
44109	
44108	
44095	
44114	
43886	
44077	
44032	
44119	
44120	
44031	
44121	
44122	
44123	
44033	
44162	
44037	
44036	
43906	
44115	
44164	
43990	
44152	
44153	
44154	
44155	
44156	
44035	
44157	
44158	
44160	
44161	
44159	
44039	
44045	
44117	
44041	
44047	
44125	
44048	
44034	
44038	
44042	
44168	
44169	
44170	
44171	
44049	
43589	
44043	
44174	
44178	
44176	
44179	
44050	
44180	
44046	
44181	
44183	
44187	
44186	
44188	
44185	
44189	
44191	
44192	
44193	
44195	
44184	
44190	
44197	
44198	
43997	
44199	
44200	
44202	
44203	
44205	
44201	
44207	
44206	
44173	
44209	
44172	
44175	
44177	
44210	
44208	
44204	
44040	
44211	
44212	
44044	
44213	
44215	
44051	
43656	
44082	
44223	
44224	
44228	
44229	
44230	
44231	
44232	
44233	
44235	
44234	
44236	
44237	
44239	
44238	
44240	
44241	
44242	
44243	
44244	
44245	
44246	
44247	
44248	
44249	
44250	
44251	
44252	
44253	
44254	
44216	
44255	
44256	
44257	
44258	
44264	
44266	
44267	
44268	
44265	
44269	
44262	
44260	
44271	
44272	
44263	
44273	
44261	
44275	
44276	
44277	
44278	
44279	
44280	
44220	
44281	
44282	
44270	
44283	
44285	
44196	
44300	
44299	
44302	
44301	
44295	
43678	
43911	
43991	
44085	
44308	
44219	
44304	
44303	
43932	
44165	
44305	
44310	
44311	
44312	
44313	
44315	
44316	
44317	
44318	
43933	
44225	
44306	
44226	
44320	
44324	
44319	
44325	
44321	
44322	
43978	
44309	
44329	
44326	
44328	
44218	
44327	
44221	
43891	
44330	
44331	
44332	
44335	
44336	
44337	
44338	
44339	
44341	
44342	
44345	
43657	
44347	
44355	
44360	
44362	
44363	
44357	
44370	
44375	
44343	
44377	
44379	
44381	
44384	
44386	
44387	
44389	
44391	
44392	
44393	
44394	
44395	
44396	
44399	
44401	
44402	
44403	
44400	
44412	
44413	
44415	
44409	
44417	
44418	
44419	
44421	
44422	
44397	
44259	
44406	
44407	
44427	
44429	
44428	
44430	
44431	
44432	
44361	
44350	
44351	
43739	
44434	
44424	
44435	
44436	
44437	
44438	
44439	
44440	
44441	
44442	
44443	
44444	
44445	
44446	
44447	
44296	
44449	
44420	
44423	
44452	
44416	
44454	
44457	
44458	
44459	
44364	
44323	
44426	
44455	
44460	
44461	
44462	
44118	
44307	
44453	
44463	
44464	
44465	
44466	
44469	
44470	
44472	
44474	
44475	
44477	
44479	
44480	
44478	
44481	
44482	
44483	
44484	
44486	
44489	
44468	
44490	
44492	
44467	
44494	
44498	
44499	
44506	
44507	
44509	
44510	
44511	
44512	
44513	
44515	
44514	
44518	
44500	
44521	
44522	
44505	
44524	
44495	
44496	
44535	
44538	
44536	
44539	
44537	
44540	
44541	
44497	
44544	
44545	
44546	
44542	
44543	
44570	
44572	
44573	
44574	
44529	
44528	
44527	
44485	
44523	
44526	
44530	
44531	
44603	
44532	
44609	
44533	
44614	
44617	
44615	
44618	
44616	
44610	
44611	
44621	
44627	
44550	
44549	
44629	
44548	
44630	
44534	
44551	
44222	
44552	
44555	
44554	
44556	
44641	
44631	
44557	
44640	
44553	
44558	
44561	
44644	
44642	
44559	
44645	
44646	
44647	
44648	
44649	
44476	
44562	
44650	
44547	
44656	
44563	
44525	
44564	
44566	
44565	
44567	
44568	
44569	
44662	
44661	
44665	
44577	
44575	
44579	
44576	
44578	
44664	
44670	
44671	
44672	
44651	
44653	
44655	
44673	
44581	
44582	
44676	
44667	
44677	
44580	
44583	
44584	
44669	
44585	
44586	
44663	
44589	
44588	
44587	
44590	
44591	
44659	
44593	
44594	
44595	
44681	
44682	
44596	
44680	
44597	
44666	
44679	
44592	
44560	
44685	
44686	
44687	
44688	
44689	
44690	
44598	
44696	
44697	
44693	
44448	
44456	
44450	
44451	
44700	
44701	
44702	
44703	
44704	
44705	
44706	
44683	
44707	
44717	
44725	
44726	
44727	
44730	
44699	
44732	
44733	
44728	
44734	
44745	
44746	
44698	
44749	
44750	
44751	
43879	
44737	
44755	
44743	
44759	
44684	
44747	
44756	
44736	
44738	
44753	
44762	
44764	
44765	
44766	
44767	
44771	
44772	
44774	
44752	
44761	
44777	
44778	
44779	
44780	
44729	
44773	
44758	
44718	
44789	
44760	
44790	
44787	
44619	
44792	
44793	
44620	
44788	
44798	
44801	
44800	
44803	
44802	
44804	
44805	
44806	
44799	
44807	
44808	
44809	
44794	
44795	
44814	
44797	
44820	
44722	
44822	
44695	
44742	
44754	
44748	
44791	
44692	
44815	
44831	
44832	
44833	
44834	
44835	
44836	
44837	
44838	
44839	
44840	
44830	
44841	
44843	
44719	
44821	
44846	
44828	
44849	
44723	
44848	
44847	
44823	
44842	
44865	
44868	
44869	
44870	
44871	
44872	
44878	
44877	
44879	
44882	
44883	
44884	
44885	
44886	
44888	
44890	
44891	
44892	
44880	
44895	
44896	
44897	
44829	
44850	
44862	
44899	
44901	
44852	
44866	
44903	
44763	
44623	
44910	
44913	
44918	
44916	
44922	
44915	
44924	
44927	
44923	
44931	
44929	
44933	
44928	
44934	
44932	
44936	
44940	
44941	
44942	
44944	
44905	
44939	
44945	
44947	
44946	
44948	
44949	
44953	
44956	
44960	
44889	
44979	
44938	
44985	
44978	
44964	
44961	
44962	
44963	
44986	
44968	
44965	
44966	
44967	
44970	
44969	
44991	
44990	
44971	
44992	
44993	
44972	
44996	
45006	
44994	
44995	
44973	
44998	
44997	
44999	
45000	
45002	
44974	
45001	
45003	
44898	
45004	
45005	
44975	
44976	
44954	
45008	
45010	
45015	
45021	
44989	
45018	
45023	
45025	
45026	
45024	
45028	
45029	
45030	
45031	
45032	
45033	
45007	
45034	
45035	
45012	
45036	
45037	
45038	
45039	
45040	
45041	
45013	
45042	
45043	
45046	
45048	
44920	
45011	
44935	
45027	
45060	
45061	
45062	
45063	
45064	
45065	
45066	
45067	
45068	
45070	
45071	
45073	
45072	
45076	
45077	
45078	
45044	
45079	
45075	
45074	
44853	
45054	
45045	
45086	
45088	
45087	
45089	
45091	
45090	
45092	
45093	
45094	
45095	
45098	
45097	
44854	
44919	
45102	
44433	
44921	
45106	
45107	
45108	
45109	
45081	
45111	
45112	
45114	
45115	
45116	
45118	
45119	
45121	
45122	
45120	
45123	
45113	
45117	
45080	
45127	
45128	
45141	
45140	
45142	
45143	
44983	
45144	
45131	
45145	
45146	
45147	
45101	
45069	
45138	
45136	
45154	
45156	
45158	
45159	
45153	
45160	
45161	
45162	
45163	
45164	
45105	
45165	
45104	
45166	
45167	
45169	
45168	
45171	
45172	
45173	
45174	
45175	
45176	
45177	
45180	
45181	
45182	
45185	
45186	
45187	
45188	
45189	
45179	
45209	
45210	
45190	
45191	
45211	
45192	
45196	
45197	
45198	
45199	
45200	
45201	
45193	
45194	
45206	
45205	
45207	
45208	
45195	
45202	
45204	
45203	
45218	
45219	
45139	
45222	
45221	
45224	
45223	
45227	
45225	
45228	
45229	
45226	
45183	
44980	
44349	
44358	
45184	
45215	
45100	
45220	
45233	
45234	
45047	
45235	
45238	
45239	
45240	
45241	
45242	
45245	
45246	
45247	
45236	
45248	
45258	
45259	
45260	
45261	
45262	
45263	
45214	
45264	
45265	
45266	
45273	
45274	
45275	
45267	
45268	
45178	
45276	
44981	
45278	
45237	
45257	
45253	
45230	
45281	
45286	
45287	
45288	
45250	
45277	
44984	
45293	
45295	
45296	
45294	
45298	
45299	
45256	
45300	
45304	
44982	
45305	
45308	
45315	
45313	
45323	
45326	
45327	
45325	
45329	
45332	
45338	
45321	
45339	
45340	
45337	
45343	
45344	
45324	
45334	
45335	
45282	
45341	
45354	
45353	
45352	
45359	
45355	
45358	
45357	
45363	
45360	
45362	
45361	
45306	
45380	
45381	
45311	
45371	
45370	
45383	
45385	
45391	
45392	
45393	
45395	
45396	
45374	
45232	
45368	
45384	
45356	
45347	
45402	
45403	
45369	
45404	
45372	
45375	
45405	
45373	
45251	
45366	
45312	
45397	
45413	
45364	
45412	
45255	
45420	
45422	
45417	
45425	
45426	
45424	
45432	
45431	
45428	
45401	
45427	
45252	
45438	
45289	
45440	
45399	
45446	
45452	
45454	
45457	
45441	
45458	
45448	
45443	
45459	
45473	
45302	
45472	
45455	
45460	
45463	
45466	
45419	
45453	
45467	
45488	
45489	
45491	
45461	
45450	
45470	
45482	
45485	
45471	
45468	
45465	
45451	
45464	
45456	
45469	
45492	
45483	
45498	
45517	
45439	
45378	
45480	
45516	
45487	
45365	
45524	
45525	
45532	
45533	
45495	
45535	
45534	
45556	
45561	
45563	
45564	
45562	
45576	
45566	
45575	
45569	
45570	
45571	
45572	
45573	
45574	
45551	
45578	
45602	
45603	
45604	
45416	
45605	
45607	
45608	
45610	
45611	
45612	
45617	
45616	
45618	
45619	
45620	
45621	
45622	
45623	
45624	
45415	
45626	
45627	
45609	
45528	
45630	
45631	
45579	
45632	
45581	
45580	
45583	
45633	
45582	
45635	
45636	
45634	
45586	
45585	
45584	
45587	
45589	
45588	
45640	
45641	
45642	
45643	
45590	
45645	
45646	
45647	
45591	
45596	
45595	
45592	
45594	
45593	
45649	
45597	
45653	
45654	
45655	
45598	
45656	
45657	
45600	
45599	
45511	
45658	
45659	
45666	
45667	
45669	
45668	
45670	
45671	
45672	
45673	
45676	
45677	
45678	
45679	
45675	
45680	
45681	
45682	
45674	
45661	
45684	
45693	
45694	
45695	
45696	
45698	
45699	
45701	
45686	
45697	
45688	
45555	
45285	
45702	
45683	
45707	
45708	
45709	
45710	
45711	
45712	
45713	
45714	
45715	
45716	
45717	
45718	
45719	
45720	
45722	
45723	
45724	
45725	
45726	
45727	
45728	
45729	
45730	
45731	
45732	
45733	
45734	
45735	
45736	
45737	
45738	
45739	
45740	
45741	
45742	
45743	
45744	
45745	
45746	
45747	
45750	
45751	
45752	
45753	
45754	
45755	
45756	
45757	
45758	
45759	
45760	
45761	
45762	
45763	
45764	
45765	
45766	
45767	
45768	
45748	
45749	
45706	
45689	
45769	
45770	
45771	
45772	
45773	
45774	
45775	
45776	
45777	
45703	
45783	
45785	
45797	
45798	
45799	
45804	
45805	
45806	
45808	
45807	
45810	
45811	
45813	
45812	
45815	
45816	
45809	
45814	
45818	
45819	
45820	
45704	
45835	
45836	
45841	
45842	
45690	
45843	
45845	
45844	
45847	
45846	
45849	
45848	
45850	
45851	
45852	
45853	
45854	
45855	
45554	
45856	
45857	
45858	
45859	
45860	
45861	
45862	
45787	
45864	
45705	
45868	
45870	
45871	
45788	
45872	
45873	
45863	
45789	
45875	
45876	
45878	
45879	
45880	
45881	
45887	
45888	
45889	
45890	
45891	
45892	
45893	
45894	
45895	
45896	
45781	
45421	
45877	
45899	
45900	
45882	
45901	
45902	
45790	
45898	
45700	
45625	
45791	
45792	
45906	
45821	
45905	
45793	
45908	
45909	
45910	
45687	
45912	
45911	
45794	
45914	
45795	
45919	
45917	
45923	
45924	
45913	
45921	
45922	
45925	
45926	
45915	
45930	
45796	
45936	
45929	
45988	
45931	
45989	
45991	
45933	
45992	
45995	
45997	
45932	
45996	
45998	
46001	
45907	
46002	
46004	
46003	
46005	
46006	
46007	
46008	
46009	
45928	
46010	
46012	
46011	
46014	
45937	
46016	
46017	
45934	
46018	
46013	
45938	
46020	
46021	
45939	
46022	
45940	
46024	
45941	
46015	
46025	
45943	
45944	
46041	
46042	
46043	
46044	
46045	
45942	
46046	
45946	
45945	
45947	
46048	
46049	
46050	
45948	
45950	
45949	
45952	
45951	
45953	
45954	
45955	
46052	
45956	
45958	
45959	
45957	
45961	
45960	
45962	
45964	
45963	
45965	
45967	
45968	
45970	
45969	
45971	
45974	
45975	
45972	
45973	
45927	
45976	
45977	
45978	
46053	
45980	
45979	
45982	
45981	
46023	
45435	
45983	
45966	
46056	
46059	
46062	
46064	
46066	
46063	
46067	
46019	
46055	
46068	
46069	
46071	
45935	
46073	
46074	
46075	
46072	
46076	
46060	
46077	
46078	
46079	
46080	
46082	
46083	
46086	
46058	
46061	
46081	
45518	
46084	
46092	
46027	
46065	
45560	
46026	
46096	
46097	
46087	
46098	
46028	
46094	
46029	
46030	
46031	
46093	
46105	
46106	
46107	
46108	
46109	
46110	
46112	
46111	
46113	
46114	
46115	
46116	
46117	
46118	
46119	
46120	
46121	
46122	
46123	
46124	
46125	
46126	
46127	
46128	
46129	
46101	
46032	
46033	
46035	
46034	
45822	
46037	
46131	
46038	
46039	
46036	
46142	
46144	
46145	
46146	
46147	
46133	
46132	
46153	
46154	
46169	
46170	
46171	
46172	
46149	
46175	
46177	
46178	
46179	
46040	
46188	
46189	
46190	
46183	
46201	
46204	
46205	
46194	
46199	
46198	
46203	
46184	
46207	
46185	
46218	
46219	
46220	
46221	
46057	
45637	
45638	
45639	
45628	
45629	
46214	
46210	
46228	
46227	
46229	
46225	
46230	
46231	
46234	
46224	
46208	
46089	
46151	
46222	
46232	
46239	
46240	
46241	
46242	
46233	
46238	
46246	
46236	
46248	
46237	
45817	
45865	
46245	
46213	
46244	
46253	
46255	
46256	
46257	
46258	
46254	
46261	
46262	
46264	
46252	
46266	
46268	
46269	
46259	
46271	
46274	
46270	
46209	
46275	
46273	
46272	
46278	
45903	
46276	
46284	
46285	
46286	
46289	
46290	
46291	
46292	
46293	
46288	
46287	
46294	
46296	
46282	
46298	
46299	
46300	
46301	
46263	
46265	
46267	
46302	
46304	
46317	
46320	
46306	
46322	
46323	
46326	
46327	
46328	
46329	
46303	
46283	
46331	
46223	
46247	
46333	
46334	
46324	
46335	
46330	
46325	
46339	
46340	
46341	
46342	
46343	
46344	
46345	
46346	
46307	
46318	
46336	
46148	
46319	
46349	
46348	
46350	
46351	
46354	
46355	
46356	
46308	
46305	
46359	
46309	
46313	
46332	
46243	
46362	
46310	
46347	
46363	
46367	
46366	
46316	
46368	
46364	
46352	
46311	
46312	
46357	
46375	
46379	
46378	
46380	
46381	
45648	
46382	
46383	
46384	
46385	
46386	
46387	
46396	
46337	
46373	
46369	
46358	
46398	
46397	
46054	
46393	
46395	
46394	
46400	
46392	
46338	
46406	
46407	
46408	
46409	
46410	
46411	
46412	
46413	
46415	
46416	
46417	
46418	
46419	
46420	
46421	
46422	
46423	
46424	
46425	
46405	
46427	
46428	
46429	
46430	
46431	
46432	
46433	
46434	
46437	
46438	
46439	
46435	
46436	
46440	
46442	
46443	
46444	
46441	
46445	
46447	
46448	
46449	
46426	
46451	
46452	
46453	
46454	
46455	
46456	
46370	
46459	
46461	
46462	
46463	
46464	
46467	
46468	
46465	
46469	
46466	
46474	
46477	
46478	
46479	
46480	
46481	
46482	
46483	
46484	
46470	
46476	
46493	
46506	
46512	
46513	
46514	
46515	
46516	
46517	
46518	
46519	
46520	
46521	
46522	
46523	
46524	
46525	
46526	
46527	
46528	
45800	
46501	
46530	
46532	
46534	
46533	
46536	
46535	
46538	
46402	
46539	
46541	
46540	
46542	
46371	
46545	
46546	
46547	
46548	
46549	
46550	
46551	
46552	
46553	
46554	
46555	
46537	
46500	
46560	
46374	
46529	
46562	
46543	
46563	
46544	
46568	
46572	
46574	
46576	
46577	
46578	
46579	
46580	
46575	
46581	
46592	
46594	
46585	
46597	
46600	
46601	
46586	
46584	
46582	
46583	
46588	
46603	
46604	
46606	
46570	
46605	
46610	
46609	
46279	
46607	
46614	
46612	
46624	
46625	
46608	
46613	
46626	
46615	
46596	
46531	
46630	
46460	
46642	
46643	
46644	
46671	
46672	
46673	
46645	
46646	
46647	
46648	
46649	
46650	
46651	
46652	
46653	
46654	
46634	
46655	
46656	
46657	
46658	
46659	
46676	
46660	
46661	
46627	
46662	
46663	
46620	
46677	
46664	
46665	
46678	
46680	
46633	
46666	
46681	
46618	
46683	
46682	
46684	
46685	
46686	
46667	
46621	
46687	
46668	
46689	
46688	
46679	
46669	
46670	
46622	
46694	
46695	
46699	
46697	
46711	
46712	
46705	
46709	
46713	
46714	
46691	
46559	
46708	
46675	
46700	
46701	
46706	
46718	
46720	
46722	
46623	
46719	
46728	
46693	
46561	
46732	
46756	
46757	
46758	
46729	
46760	
46733	
46734	
46566	
46731	
46730	
46737	
46736	
46735	
46761	
46738	
46739	
46741	
46740	
46744	
46742	
46743	
46745	
46746	
46783	
46782	
46747	
46748	
46749	
46787	
46788	
46789	
46790	
46791	
46792	
46793	
46794	
46795	
46796	
46751	
46797	
46388	
46750	
46752	
46753	
46754	
46811	
46813	
46814	
46815	
46767	
46558	
46818	
46819	
46820	
46821	
46824	
46768	
46769	
46831	
46833	
46842	
46841	
46828	
46827	
46850	
46851	
46852	
46843	
46844	
46770	
46845	
46846	
46847	
46848	
46390	
46854	
46855	
46857	
46858	
46859	
46860	
46861	
46862	
46863	
46864	
46865	
46866	
46867	
46869	
46771	
46871	
46414	
46765	
46772	
46773	
46774	
46617	
46775	
46883	
46882	
46884	
46885	
46886	
46776	
46880	
46692	
46904	
46905	
46906	
46907	
46903	
46909	
46808	
46910	
46911	
46888	
46914	
46915	
46887	
46895	
46632	
46912	
46891	
46725	
46849	
46892	
46908	
46920	
46923	
46924	
46925	
46926	
46927	
46928	
46929	
46919	
46759	
46829	
46839	
46950	
46951	
46955	
46957	
46956	
46958	
46933	
46949	
46953	
46954	
46961	
46962	
46959	
46960	
46963	
46964	
46967	
46968	
46921	
46936	
46976	
46971	
46975	
46998	
46999	
46978	
47000	
47001	
46970	
46972	
46973	
46977	
46974	
46980	
46982	
46981	
46983	
46994	
46996	
46984	
46986	
46979	
46969	
46992	
46993	
46988	
46987	
47003	
46985	
47009	
47011	
47008	
47012	
47015	
47016	
47017	
47018	
47020	
47014	
47023	
47024	
47027	
47029	
47031	
47033	
47035	
47036	
47037	
46991	
47040	
47041	
47045	
47046	
47043	
47053	
47054	
47058	
47059	
47060	
47061	
47063	
47056	
47066	
47067	
47068	
46989	
47065	
47071	
47022	
47021	
47075	
47074	
47076	
47077	
47078	
47038	
47079	
47080	
47084	
47102	
47039	
47083	
47081	
47082	
47073	
47072	
46990	
47086	
47087	
47085	
47088	
47095	
47089	
47096	
47098	
46893	
47097	
47104	
47106	
47108	
47109	
47099	
47125	
47115	
47113	
47126	
47107	
47112	
47105	
47130	
47100	
47131	
47132	
47133	
47134	
47136	
47137	
47141	
47142	
47143	
47144	
47145	
47146	
47147	
47148	
47149	
47111	
47152	
47154	
47155	
47156	
47157	
47158	
47159	
47161	
47162	
47163	
47164	
47165	
47166	
47110	
47117	
47211	
47212	
47213	
47118	
47167	
47169	
47168	
47214	
47215	
47170	
47216	
47171	
47172	
47173	
47174	
47175	
47176	
47217	
47218	
47229	
47177	
46799	
47178	
47231	
47232	
47179	
47233	
47181	
47180	
47182	
47234	
47235	
47121	
47236	
47183	
47238	
47240	
47241	
47185	
47242	
47243	
47184	
47186	
47187	
47245	
47244	
47249	
47251	
47252	
47254	
47255	
47257	
47258	
47120	
47259	
47188	
47260	
47261	
47190	
47262	
47263	
47264	
47266	
47268	
47270	
47271	
47275	
47278	
47279	
47189	
47282	
47122	
47272	
47281	
47283	
47284	
47286	
47287	
47293	
47296	
47192	
47191	
47297	
47267	
47285	
47265	
47295	
47299	
47289	
47290	
47291	
47292	
47298	
47302	
47301	
47276	
47193	
47303	
47277	
47300	
47195	
47308	
47197	
47247	
47309	
47194	
47198	
47196	
47310	
47311	
47312	
47313	
47314	
47315	
47317	
47319	
47318	
47321	
47322	
47201	
47199	
47200	
47316	
47203	
47307	
47204	
47305	
47116	
47306	
47205	
47206	
47208	
47207	
47209	
47304	
47202	
47324	
47328	
47329	
46995	
46941	
47323	
47330	
47331	
47332	
47337	
47338	
47340	
47342	
47343	
47344	
47349	
47350	
47351	
47352	
47353	
47360	
47363	
47364	
47365	
47366	
47367	
47368	
47369	
47370	
47371	
47372	
47375	
47380	
47382	
47386	
47393	
46763	
47395	
47396	
47402	
47403	
47405	
47411	
47415	
47416	
47431	
47439	
47440	
47456	
47457	
47459	
47406	
47460	
47462	
47464	
47452	
47476	
47482	
47484	
47485	
47486	
47489	
47453	
47454	
47490	
47491	
47492	
47493	
47494	
47496	
47497	
47498	
47499	
46942	
47488	
47501	
47502	
47503	
47507	
46943	
47509	
47511	
47512	
47246	
47408	
47407	
47409	
47515	
47514	
47519	
47455	
46881	
46944	
46952	
47532	
47533	
47534	
47535	
47536	
47504	
47505	
47547	
47548	
47549	
47550	
47551	
47552	
47553	
47554	
47555	
47556	
47557	
47558	
47559	
47560	
47561	
47562	
47563	
47564	
47565	
47566	
47567	
47568	
47569	
47570	
47571	
47572	
47573	
47574	
47575	
47576	
47577	
47578	
47579	
47580	
47581	
47582	
47583	
47584	
47585	
47591	
47592	
47593	
47594	
47595	
47596	
47597	
47598	
47599	
47600	
47603	
47604	
47605	
47606	
47607	
47608	
47609	
47610	
47611	
47612	
47613	
47614	
47615	
47616	
47617	
47618	
47619	
47620	
47621	
47622	
47623	
47624	
47625	
47628	
47629	
47626	
47630	
47631	
47632	
47633	
47634	
47636	
47637	
47638	
47521	
47644	
47645	
47646	
47647	
47648	
47649	
47650	
47114	
47522	
46945	
47652	
47654	
47655	
47656	
47657	
47658	
47659	
47660	
47525	
47526	
47124	
47528	
47527	
46876	
47529	
46946	
47119	
47530	
46947	
46948	
47518	
47669	
47672	
47325	
47640	
47374	
47641	
47531	
47680	
47681	
47682	
47687	
47689	
47683	
47691	
47692	
47693	
47694	
47695	
47696	
47697	
47698	
47699	
47700	
47701	
47702	
47690	
47516	
47714	
47713	
47722	
47723	
47724	
47726	
47727	
47728	
47730	
47732	
47729	
47733	
47731	
47735	
47734	
47737	
47736	
47738	
47740	
47739	
47741	
47642	
47674	
47675	
47676	
47677	
47742	
47478	
47749	
47517	
47704	
47753	
47756	
47752	
47758	
47761	
47757	
47763	
47764	
47765	
47762	
47766	
47771	
47770	
47769	
47768	
47767	
47773	
47772	
47779	
47780	
47781	
47782	
47783	
47784	
47785	
47786	
47787	
47788	
47789	
47790	
47791	
47792	
47793	
47794	
47795	
47796	
47797	
47798	
47663	
47721	
47803	
47002	
47805	
47806	
47807	
47808	
47809	
47810	
47811	
47812	
47814	
47813	
47815	
47817	
47816	
46830	
47819	
47820	
47821	
47822	
47823	
47824	
47825	
47826	
47827	
47828	
47833	
47835	
47834	
47837	
47839	
47840	
47832	
47847	
47848	
47849	
47850	
47853	
47854	
47856	
47858	
47859	
47865	
47860	
47868	
47327	
47870	
47871	
47883	
47882	
47884	
47886	
47885	
47887	
47898	
47899	
47889	
47890	
47888	
47900	
47903	
47901	
47902	
47893	
47891	
47892	
47895	
47894	
47896	
47904	
47905	
47906	
47908	
47907	
47910	
47909	
47911	
47913	
47914	
47915	
47916	
47917	
47919	
47920	
47921	
47930	
47931	
47933	
47934	
47935	
47936	
47937	
47938	
47939	
47705	
47684	
47874	
47873	
47665	
47523	
47688	
47922	
47923	
47924	
47925	
47926	
47927	
47928	
47706	
47804	
47944	
47866	
47707	
46918	
47861	
47956	
47958	
47960	
47961	
47962	
47963	
47965	
47964	
47967	
47968	
47969	
47970	
47972	
47971	
47980	
47981	
47986	
47987	
47708	
47995	
47996	
47997	
47998	
47999	
47993	
47994	
47709	
48006	
48007	
47710	
47711	
47719	
47801	
48000	
48009	
48010	
48014	
48016	
48017	
48019	
48020	
48021	
48022	
48023	
48024	
48025	
48026	
47712	
48004	
48027	
48029	
48030	
48028	
48031	
48032	
47864	
48002	
48042	
48043	
48045	
48044	
48046	
48047	
48049	
48054	
48051	
48055	
48056	
48057	
48066	
48064	
48058	
48068	
48067	
48059	
48070	
48060	
48061	
48062	
48073	
48075	
48076	
48077	
48079	
48074	
48081	
48082	
48083	
48084	
48085	
48063	
48086	
48091	
47878	
48090	
48092	
48089	
48093	
48094	
48095	
48096	
48097	
48100	
48105	
48111	
48112	
48108	
48113	
47951	
48114	
48115	
48116	
48117	
48118	
48119	
48122	
48123	
48125	
48127	
48129	
48128	
48001	
48069	
48131	
48130	
48132	
48134	
48136	
48137	
48139	
48140	
48141	
47664	
48071	
48147	
48148	
48146	
47671	
48151	
48152	
48153	
48154	
48157	
48156	
48158	
48149	
48162	
47875	
48163	
48164	
48165	
48166	
48167	
48168	
48169	
48170	
48171	
48173	
48176	
48174	
48177	
48178	
48180	
48181	
48183	
48184	
48185	
48186	
48187	
48188	
47879	
48191	
48192	
48193	
48194	
48150	
48196	
48197	
48200	
48201	
48202	
48203	
47966	
48189	
47918	
48204	
48217	
48218	
48219	
48220	
48221	
48222	
48224	
48225	
48226	
48227	
48228	
48229	
48231	
48232	
48230	
48237	
48240	
48242	
48243	
48244	
48245	
48239	
48246	
48248	
48247	
48233	
48249	
48251	
48252	
48253	
48250	
48254	
48255	
48257	
48259	
47949	
48260	
48262	
48263	
48264	
48265	
48266	
48236	
48241	
48261	
48106	
48155	
48216	
48234	
48238	
48145	
48272	
48277	
48195	
48273	
48274	
48281	
48279	
48282	
48280	
48283	
48284	
48276	
48102	
48285	
48278	
48275	
48286	
48292	
48293	
48296	
48299	
48300	
48301	
48144	
48303	
48305	
48306	
48307	
48314	
48315	
48316	
48317	
48318	
48319	
48323	
48324	
48325	
48326	
47869	
48333	
48334	
48335	
48336	
48337	
48338	
47230	
48339	
48340	
48341	
48342	
48343	
48344	
48345	
48346	
48349	
48350	
48351	
48352	
48353	
48033	
48354	
48348	
48302	
48356	
48363	
48364	
48365	
48366	
48367	
48368	
48362	
48369	
48371	
48372	
48373	
48034	
48358	
48321	
48374	
48370	
48375	
48376	
48378	
48379	
48380	
48381	
48382	
48384	
48385	
48383	
48386	
48387	
48388	
48377	
48389	
48390	
48309	
48393	
48396	
48397	
48401	
48403	
48404	
48405	
48407	
48408	
48409	
48410	
48411	
48412	
48402	
48413	
48414	
48415	
48416	
48418	
48419	
48421	
48422	
48425	
48424	
48427	
48428	
48430	
48432	
48438	
48420	
48436	
48433	
48434	
48406	
48435	
48270	
48287	
48440	
48441	
48442	
48443	
48444	
48289	
48332	
48447	
48448	
48446	
48449	
48451	
48331	
48456	
48445	
48463	
48400	
48391	
48304	
48466	
48455	
48469	
48468	
48470	
48472	
48474	
48477	
48478	
48479	
48482	
48483	
48476	
48480	
48488	
48489	
48494	
48497	
48498	
48499	
47774	
48508	
48509	
48511	
48461	
48484	
48513	
48510	
48515	
48486	
48487	
48485	
48392	
48501	
48493	
48516	
48517	
48518	
48519	
48520	
48539	
48540	
48541	
48546	
48543	
48544	
48547	
48431	
48439	
48551	
48550	
48473	
48507	
48538	
48521	
48524	
48526	
48522	
48525	
48523	
48560	
48561	
48562	
48527	
48530	
48529	
48531	
48528	
48532	
48462	
48453	
48533	
48534	
48566	
48535	
48452	
48536	
48568	
48569	
48570	
48537	
48571	
48572	
48574	
48575	
48576	
48577	
48578	
48579	
48580	
48581	
48582	
48583	
48584	
48585	
48586	
48587	
48588	
48589	
48590	
48591	
48592	
48593	
48594	
48595	
48596	
48597	
48458	
48598	
48599	
48600	
48601	
48602	
48603	
48604	
48454	
48610	
48611	
48613	
48612	
48172	
48269	
48617	
48614	
48618	
48573	
48619	
48606	
48623	
48622	
48099	
48624	
48625	
48626	
48627	
48628	
48629	
48630	
48631	
48632	
48634	
48635	
48633	
48637	
48639	
48636	
48641	
48638	
48643	
48640	
48642	
48645	
48646	
48647	
48649	
48648	
48650	
48651	
48654	
48655	
48652	
48656	
48653	
48657	
48658	
48659	
48661	
48663	
48665	
48666	
48667	
48457	
48669	
48662	
48664	
48672	
48673	
48674	
48490	
48491	
48616	
48676	
48670	
48678	
48679	
48680	
48681	
48492	
48554	
48690	
48620	
48682	
48699	
48700	
48701	
48702	
48703	
48704	
48708	
48714	
48715	
48711	
48716	
48717	
48718	
48719	
48707	
48722	
48710	
48712	
48724	
48725	
48726	
48723	
48729	
48740	
48739	
48741	
48742	
48743	
48744	
48745	
48746	
48747	
48748	
48749	
48750	
48751	
48752	
48753	
48754	
48755	
48756	
48757	
48758	
48759	
48735	
48737	
48738	
48685	
48693	
48671	
48668	
48736	
48734	
48776	
48778	
48785	
48786	
48787	
48790	
48788	
48799	
48800	
48801	
48764	
48798	
48765	
48803	
48789	
48807	
48792	
48809	
48692	
48775	
48691	
48810	
48812	
48780	
48813	
48695	
48808	
48694	
48804	
48769	
48768	
48766	
48767	
48770	
48771	
48772	
48811	
48814	
48697	
48684	
48827	
48815	
48838	
48839	
48727	
48843	
48844	
48845	
48840	
48805	
48784	
48806	
48783	
48841	
48760	
48850	
48706	
48858	
48859	
48852	
48644	
48854	
48322	
48686	
48877	
48876	
48874	
48882	
48608	
48885	
48886	
48846	
48893	
48875	
48878	
48879	
48881	
48897	
48898	
48856	
48887	
48899	
48901	
48902	
48870	
48900	
48910	
48912	
48911	
48913	
48914	
48917	
48918	
48919	
48920	
48907	
48688	
48689	
48926	
48927	
48928	
48923	
48921	
48924	
48922	
48925	
48908	
48915	
48941	
48946	
48947	
48940	
48931	
48942	
48943	
48937	
48938	
48873	
48944	
48953	
48955	
48959	
48961	
48962	
48867	
48883	
48968	
48970	
48969	
48973	
48972	
48977	
48975	
48890	
48980	
48952	
48868	
48976	
48984	
48979	
48985	
48986	
48987	
48989	
48988	
48990	
48993	
48995	
48891	
48998	
48997	
48991	
48869	
48857	
49002	
49003	
49004	
49005	
48895	
49009	
49015	
49010	
49011	
48951	
49022	
49006	
49007	
48721	
49013	
49025	
49027	
49026	
49029	
49030	
48939	
49031	
49032	
49033	
49034	
49035	
49036	
49037	
49021	
49040	
49041	
49044	
49046	
49020	
49042	
49043	
49049	
49050	
49051	
49052	
49053	
49054	
49055	
49056	
49057	
49058	
49059	
49060	
49061	
49062	
49063	
49064	
49065	
49068	
49070	
48936	
48957	
49073	
49075	
49074	
49076	
49077	
49014	
49078	
49081	
48966	
49086	
49089	
49090	
49080	
49079	
49091	
49094	
49095	
49092	
49012	
49097	
49098	
49099	
49047	
49101	
49100	
49093	
49008	
49084	
49106	
49107	
49108	
49112	
49113	
49115	
49111	
49114	
49117	
49045	
49118	
49119	
49121	
49122	
49123	
49124	
49116	
49088	
49127	
49023	
49128	
49126	
48935	
49135	
49139	
49120	
49140	
49134	
49138	
49129	
49158	
49160	
49161	
49162	
49163	
49164	
49165	
49166	
49159	
49168	
49175	
49172	
49173	
49174	
49150	
49149	
49151	
49191	
49153	
49152	
49154	
49192	
49179	
49130	
49190	
49131	
49180	
49156	
49157	
49193	
49132	
49198	
49199	
49201	
49200	
49204	
49203	
49202	
49181	
49196	
49182	
49205	
49206	
49207	
49208	
49209	
49210	
49211	
49018	
49183	
49184	
49215	
49222	
49225	
49223	
49224	
49213	
49214	
49216	
49217	
49219	
49218	
49220	
49221	
49233	
49212	
49226	
49227	
49234	
49186	
49229	
49228	
49235	
49243	
49230	
49236	
49244	
49245	
49237	
49246	
49258	
49252	
49253	
49254	
49255	
49247	
49256	
49257	
49259	
49185	
49260	
49263	
49261	
49262	
49248	
49249	
49238	
49232	
49250	
49231	
49251	
49239	
49265	
49266	
49240	
49242	
49241	
49187	
49264	
49270	
49271	
49272	
49273	
49280	
49274	
49275	
49276	
49277	
49279	
49278	
49269	
49281	
49282	
49145	
49288	
49292	
49291	
49293	
49295	
49284	
49283	
49338	
49339	
49340	
49342	
49345	
49348	
49341	
49344	
49346	
49349	
49299	
49381	
49300	
49188	
49301	
49302	
49303	
49304	
49306	
49305	
49308	
49382	
49307	
49309	
49286	
49366	
49367	
49385	
49386	
49387	
49370	
49369	
49388	
49389	
49391	
49392	
49368	
49371	
49384	
49393	
49394	
49373	
49395	
49396	
49372	
49375	
49374	
49400	
49399	
49287	
49310	
49378	
49379	
49376	
49377	
49380	
49397	
49401	
49311	
49407	
49408	
49409	
49411	
49410	
49412	
49312	
49402	
49314	
49315	
49313	
49268	
49317	
49318	
49316	
49285	
49319	
49320	
49143	
49415	
49322	
49321	
49323	
49416	
49178	
49418	
49420	
49419	
49327	
49105	
49325	
49326	
49324	
49330	
49328	
49332	
49331	
49329	
49333	
49334	
49335	
49421	
49350	
49337	
49427	
49351	
49444	
49353	
49336	
49352	
49354	
49356	
49451	
49357	
49358	
49355	
49450	
49449	
49359	
49360	
49144	
49428	
49297	
49429	
49390	
49430	
49431	
49452	
49361	
49362	
49432	
49437	
49433	
49434	
49435	
49438	
49436	
49439	
49440	
49441	
49442	
49403	
49454	
49456	
49458	
49459	
49460	
49461	
49455	
49467	
49468	
49457	
49426	
49478	
49479	
49475	
49483	
49482	
49484	
49493	
49494	
49495	
49491	
49487	
49486	
49488	
49496	
49492	
49490	
49498	
49499	
49500	
49485	
49363	
49364	
49489	
49501	
49502	
49503	
49448	
49481	
49298	
49497	
49537	
49539	
49540	
49177	
49543	
49553	
49555	
49556	
49557	
49559	
49560	
49561	
49563	
49504	
49564	
49505	
49509	
49506	
49508	
49518	
49507	
49517	
49510	
49522	
49511	
49514	
49521	
49513	
49569	
49512	
49520	
49523	
49519	
49566	
49570	
49515	
49524	
49516	
49530	
49525	
49532	
49528	
49529	
49572	
49527	
49526	
49531	
49476	
49568	
49574	
49533	
49443	
49579	
49580	
49414	
49445	
49365	
49096	
49576	
49582	
49583	
49591	
49578	
49590	
49595	
49599	
49626	
49692	
49598	
49694	
49700	
49703	
49704	
49562	
49707	
49665	
49643	
49642	
49601	
49709	
49647	
49644	
49587	
49621	
49708	
49710	
49638	
49711	
49712	
49634	
49602	
49622	
49636	
49637	
49613	
49683	
49632	
49682	
49605	
49630	
49680	
49641	
49633	
49640	
49577	
49625	
49611	
49620	
49618	
49702	
49645	
49629	
49603	
49667	
49714	
49628	
49604	
49674	
49715	
49631	
49652	
49716	
49717	
49675	
49670	
49655	
49718	
49624	
49610	
49719	
49627	
49722	
49663	
49660	
49646	
49664	
49656	
49736	
49581	
49677	
49609	
49649	
49713	
49639	
49658	
49659	
49662	
49686	
49738	
49668	
49679	
49669	
49737	
49661	
49616	
49612	
49741	
49653	
49666	
49619	
49651	
49687	
49742	
49743	
49615	
49688	
49676	
49744	
49672	
49650	
49657	
49671	
49745	
49747	
49746	
49617	
49689	
49654	
49684	
49748	
49607	
49673	
49685	
49749	
49739	
49681	
49606	
49586	
49690	
49691	
49648	
49635	
49750	
49608	
49751	
49752	
49753	
49754	
49755	
49614	
49758	
49760	
49763	
49761	
49762	
49766	
49764	
49765	
49767	
49769	
49678	
49777	
49785	
49781	
49788	
49789	
49790	
49782	
49784	
49780	
49795	
49796	
49797	
49798	
49804	
49805	
49768	
49812	
49814	
49815	
49816	
49817	
49818	
49792	
49793	
49794	
49820	
49821	
49800	
49823	
49824	
49799	
49828	
49829	
49802	
49071	
49776	
49803	
49787	
49806	
49807	
49779	
49623	
49808	
49831	
49535	
49536	
49103	
49104	
49809	
49447	
49810	
49811	
49837	
49842	
49843	
49844	
49845	
49848	
49573	
49585	
49102	
49832	
49833	
49847	
49851	
49852	
49853	
49854	
49857	
49856	
49859	
49860	
49858	
49862	
49775	
49863	
49864	
49865	
49868	
49869	
49870	
49778	
49867	
49841	
49881	
49882	
49886	
49879	
49876	
49877	
49878	
49889	
49890	
49892	
49893	
49894	
49899	
49897	
49898	
49895	
49896	
49917	
49900	
49902	
49901	
49903	
49918	
49919	
49920	
49923	
49922	
49925	
49926	
49906	
49905	
49910	
49912	
49916	
49914	
49907	
49909	
49913	
49908	
49911	
49915	
49928	
49930	
49874	
49904	
49932	
49584	
49720	
49931	
49937	
49939	
49938	
49813	
49942	
49943	
49944	
49949	
49948	
49927	
49941	
49950	
49951	
49953	
49954	
49693	
49921	
49935	
49945	
49940	
49956	
49955	
49783	
49952	
49962	
49963	
49934	
49791	
49957	
49970	
49975	
49976	
49977	
49978	
49979	
49980	
49982	
49983	
49984	
49985	
49986	
49987	
49990	
49988	
49989	
49992	
49972	
49971	
49697	
49973	
49974	
49997	
50000	
50001	
50002	
50003	
50005	
49933	
50004	
49994	
49924	
49993	
49995	
49996	
49822	
49819	
50011	
50013	
49929	
50014	
50016	
49721	
49965	
50015	
50018	
50019	
50021	
50022	
50023	
50024	
50025	
50020	
49756	
50029	
50030	
50031	
50033	
50032	
49725	
50034	
50008	
50028	
50038	
50039	
50040	
50041	
50017	
50043	
50046	
50048	
50047	
50056	
50057	
50058	
50060	
50059	
50061	
49724	
50062	
50036	
49969	
50063	
50066	
50067	
50070	
50072	
49834	
50069	
50073	
50074	
50075	
50078	
50077	
50080	
50081	
50082	
50083	
50085	
50089	
50090	
50088	
50092	
50091	
50093	
50094	
50086	
50087	
50096	
50101	
49757	
50103	
50104	
50105	
50106	
50109	
50110	
50107	
50112	
50111	
50114	
50116	
50117	
50122	
50120	
50102	
49861	
49727	
50125	
50126	
50127	
50128	
50129	
50131	
50132	
50133	
50134	
50135	
50136	
50119	
50137	
50141	
50142	
50143	
50144	
50145	
50146	
50147	
50140	
50148	
50149	
50152	
50154	
50156	
50158	
50138	
49726	
50159	
50161	
50157	
50168	
50171	
50170	
50172	
49728	
50174	
50173	
50175	
50176	
50177	
50167	
50178	
50179	
50185	
50184	
50100	
50071	
50186	
50188	
50189	
50193	
50194	
50196	
50195	
50199	
50197	
50200	
50182	
50198	
50201	
50202	
50203	
50165	
50160	
50205	
50208	
50210	
50204	
50211	
50212	
50053	
50217	
50180	
50209	
50213	
50221	
50222	
50207	
50226	
50219	
50227	
50228	
50225	
50231	
50232	
50233	
50234	
50206	
50236	
50218	
50237	
50238	
50239	
50240	
50068	
50235	
50242	
50243	
50244	
50245	
50246	
50257	
50258	
50259	
50262	
50274	
50268	
50275	
50266	
50277	
50269	
50270	
50271	
50272	
50279	
50280	
50281	
50282	
50283	
50273	
49729	
50284	
50285	
50286	
50287	
50288	
50289	
50290	
50298	
50299	
50300	
50291	
50301	
49786	
50302	
50292	
50303	
50311	
50293	
50313	
50314	
50315	
50316	
50305	
50294	
50317	
50295	
50304	
50296	
50297	
50319	
50306	
50318	
50307	
50308	
50309	
50310	
50312	
50325	
50326	
50327	
50328	
50329	
50332	
50333	
50334	
50335	
50336	
50337	
49730	
50342	
50343	
50344	
50345	
50347	
50349	
50350	
49731	
50330	
50351	
50352	
50353	
50354	
50355	
50331	
50346	
50358	
50359	
50360	
50361	
50362	
50187	
50364	
50365	
50366	
50367	
50368	
50348	
50124	
50370	
50371	
50191	
50229	
50363	
50357	
50377	
50379	
50230	
50356	
50387	
50388	
50389	
50390	
50386	
50392	
50393	
50395	
50396	
50399	
50400	
50405	
50406	
50408	
49732	
50382	
50383	
50413	
50267	
50415	
50416	
50418	
50419	
49733	
50139	
50121	
50420	
49734	
50241	
50422	
50424	
50151	
50445	
50460	
50461	
50462	
50414	
50463	
50464	
50465	
50466	
50467	
50468	
50469	
50470	
50471	
50474	
50432	
50431	
50430	
50163	
50429	
50473	
50479	
50437	
50481	
50433	
50480	
50438	
50482	
50483	
50484	
50485	
50486	
50487	
50488	
50489	
50490	
50447	
50439	
50448	
50491	
50441	
50446	
50443	
50434	
50440	
50442	
50444	
50492	
50449	
50435	
50436	
50493	
50494	
50450	
50472	
50454	
50459	
50453	
50456	
50457	
50458	
50452	
50451	
50455	
50426	
50497	
50496	
50498	
50499	
50500	
50190	
50501	
50502	
50427	
50477	
50421	
50511	
50515	
50516	
50517	
50518	
50519	
50520	
50522	
50523	
50528	
50529	
50530	
50475	
50531	
50532	
50535	
50503	
50536	
50537	
50538	
50539	
50540	
50541	
50542	
50545	
50546	
50547	
50512	
50478	
50549	
50513	
50514	
50409	
50563	
50564	
50565	
50566	
50534	
50567	
50568	
50576	
50527	
50577	
50569	
50570	
50584	
50585	
50586	
50571	
50572	
50587	
50589	
50574	
50590	
50573	
49723	
50594	
50601	
50602	
50615	
50622	
50561	
50598	
50619	
50623	
50621	
50625	
50629	
50620	
50626	
50627	
50628	
50618	
50624	
50617	
50616	
50417	
50603	
50604	
50605	
50657	
50658	
50659	
50660	
50661	
50630	
50634	
50633	
50635	
50631	
50632	
50636	
50642	
50639	
50690	
50691	
50637	
50640	
50641	
50638	
50643	
50645	
50644	
50653	
50647	
50688	
50646	
50651	
50648	
50649	
50650	
50652	
50677	
50686	
50676	
50505	
50675	
50410	
50504	
50667	
50666	
50665	
50663	
50662	
50664	
50668	
50669	
50671	
50670	
50682	
50680	
50679	
50678	
50684	
50681	
50685	
50683	
50695	
50694	
50696	
50697	
50698	
50700	
50693	
50692	
50709	
50751	
50705	
50702	
50712	
50704	
50710	
50711	
50708	
50703	
50707	
50706	
50752	
50714	
50713	
50784	
50715	
50717	
50742	
50723	
50722	
50716	
50720	
50748	
50743	
50744	
50746	
50745	
50747	
50719	
50724	
50749	
50750	
50718	
50725	
50721	
50726	
50727	
50728	
50729	
50733	
50731	
50730	
50734	
50732	
50737	
50736	
50735	
50738	
50739	
50581	
50689	
50740	
50588	
50592	
50741	
50753	
50754	
50756	
50755	
50758	
50760	
50759	
50761	
50757	
50762	
50763	
50764	
50765	
50766	
50767	
50769	
50768	
50771	
50772	
50774	
50775	
50776	
50778	
50773	
50779	
50780	
50781	
50782	
50777	
50770	
50611	
50610	
50506	
50507	
50787	
50791	
50790	
50788	
50786	
50789	
50794	
50792	
50793	
50796	
50797	
50795	
50798	
50799	
50800	
50801	
50802	
50807	
50808	
50805	
50809	
50804	
50803	
50812	
50813	
50811	
50810	
50806	
50819	
50815	
50814	
50816	
50821	
50817	
50818	
50607	
50612	
50830	
50820	
50583	
50508	
50593	
50600	
50831	
50608	
50832	
50833	
50834	
50835	
50836	
50837	
50840	
50844	
50845	
50848	
50850	
50851	
50853	
50855	
50411	
50822	
50823	
50824	
50825	
50826	
50827	
50828	
50829	
50548	
50599	
50412	
50863	
50865	
50870	
50871	
50872	
50873	
50874	
50875	
50876	
50877	
50878	
50879	
50880	
50888	
50882	
50881	
50887	
50886	
50883	
50884	
50885	
50892	
50890	
50889	
50891	
50893	
50896	
50902	
50898	
50903	
50901	
50900	
50895	
50897	
50899	
50562	
50839	
50841	
50847	
50854	
50856	
50852	
50906	
50907	
50910	
50912	
50921	
50867	
50908	
50935	
50937	
50938	
50939	
50940	
50941	
50942	
50943	
50944	
50945	
50946	
50947	
50905	
50948	
50949	
50950	
50544	
50849	
50894	
50953	
50955	
50965	
50962	
50957	
50959	
50958	
50956	
50960	
50961	
50964	
50967	
50968	
50969	
50970	
50971	
50972	
50973	
50983	
50987	
50974	
50980	
50977	
50976	
50978	
50979	
50975	
50982	
50981	
50988	
50614	
50984	
50989	
50994	
51000	
50985	
50991	
50990	
51001	
50997	
50993	
50992	
50995	
50996	
50999	
50986	
51003	
50998	
51008	
51009	
51010	
51011	
51012	
51013	
51002	
51014	
51015	
51016	
51017	
51018	
50966	
51019	
51020	
51022	
51023	
51024	
51021	
51026	
51025	
51030	
51028	
51031	
51029	
51027	
51032	
51044	
51043	
50785	
51046	
51047	
51048	
51050	
51049	
51042	
51054	
51036	
51056	
51057	
51058	
51055	
51034	
51060	
51061	
51063	
51065	
51067	
51069	
51071	
51073	
51074	
51075	
51076	
51077	
51078	
51079	
51059	
51082	
51083	
51087	
51088	
51089	
51090	
51091	
51092	
51093	
51094	
51095	
51096	
51098	
51099	
51101	
51086	
51102	
51100	
51103	
51104	
51105	
51109	
50575	
51106	
51035	
51006	
51053	
51007	
50861	
50922	
51062	
51115	
51114	
51116	
51118	
51052	
51117	
51119	
51121	
51113	
51122	
51125	
51124	
51123	
51126	
51127	
51128	
51064	
51041	
51136	
51137	
51138	
51139	
51135	
51132	
51130	
51133	
51131	
51129	
51140	
51142	
51144	
51146	
51147	
51148	
51149	
51150	
51134	
51151	
50954	
51159	
51160	
51038	
50862	
51163	
51161	
51165	
51162	
51143	
51170	
51066	
50952	
51180	
51181	
51182	
51183	
51184	
51068	
51185	
51186	
51187	
51188	
51189	
51072	
51107	
51108	
51194	
51195	
51196	
51197	
51198	
51199	
51200	
51201	
51202	
51145	
51070	
51120	
51178	
51203	
51204	
51205	
51206	
51207	
51209	
51210	
51211	
51212	
51213	
51215	
51216	
51217	
51218	
51219	
51221	
51223	
51224	
51225	
51222	
51226	
51227	
51228	
51230	
51214	
51232	
51233	
51234	
51235	
51236	
51237	
51238	
51239	
51164	
51220	
51242	
51243	
51240	
51244	
51246	
51247	
51248	
51229	
51249	
51250	
51245	
51251	
51252	
51241	
51253	
51254	
51231	
51256	
51257	
51258	
51260	
51261	
51262	
51263	
51264	
51265	
51266	
51267	
51268	
51269	
51270	
51271	
51272	
51273	
51274	
51045	
50914	
51275	
51276	
51280	
51281	
51282	
51298	
51277	
51285	
51278	
51287	
51292	
51294	
51289	
51290	
51284	
51288	
51286	
51283	
51293	
51299	
51300	
51291	
51295	
51313	
51316	
51317	
51318	
51319	
51320	
51322	
51312	
51311	
51323	
51324	
51315	
51341	
51325	
51297	
51358	
51363	
51360	
51364	
51369	
51370	
51371	
51377	
51382	
51380	
51386	
51388	
51387	
51390	
51392	
51393	
51394	
51395	
51330	
51329	
51401	
51402	
51403	
51338	
51396	
51332	
51335	
51352	
51326	
51334	
51327	
51333	
51336	
51406	
51340	
51351	
51348	
51407	
51328	
51346	
51347	
51408	
51409	
51410	
51411	
51412	
51413	
51331	
51414	
51350	
51355	
51417	
51345	
51418	
51356	
51419	
51349	
51420	
51421	
51422	
51423	
51357	
51424	
51339	
51425	
51426	
51427	
51337	
51428	
51353	
51344	
51354	
51399	
51343	
51303	
51302	
51397	
51305	
51301	
51306	
51359	
51304	
51435	
51436	
51437	
51439	
51440	
51441	
51434	
51443	
51444	
51445	
51447	
51446	
51448	
51449	
51450	
51452	
51405	
51451	
51457	
51458	
51455	
51456	
51459	
51460	
51461	
51463	
51466	
51465	
51472	
51474	
51307	
51467	
51473	
51475	
51476	
51479	
51480	
51308	
51481	
51309	
51469	
51453	
51462	
51454	
51398	
51483	
51488	
51489	
51492	
51486	
51493	
51494	
51499	
51501	
51500	
51505	
51506	
51507	
51491	
51497	
51511	
51484	
51513	
51520	
51517	
51518	
51555	
51556	
51504	
51569	
51571	
51570	
51572	
51375	
51573	
51516	
51574	
51579	
51578	
51485	
51581	
51583	
51584	
51582	
51577	
51510	
51519	
51529	
51534	
51530	
51535	
51536	
51524	
51523	
51585	
51531	
51586	
51588	
51589	
51590	
51593	
51594	
51596	
51526	
51541	
51537	
51544	
51591	
51538	
51539	
51540	
51533	
51525	
51522	
51514	
51543	
51528	
51595	
51532	
51542	
51557	
51599	
51600	
51527	
51601	
51553	
51112	
51496	
51603	
51604	
51605	
51545	
51606	
51547	
51548	
51607	
51609	
51610	
51611	
51608	
51612	
51613	
51614	
51615	
51616	
51617	
51618	
51619	
51620	
51621	
51622	
51623	
51624	
51625	
51626	
51627	
51628	
51629	
51630	
51631	
51508	
51632	
51633	
51635	
51636	
51637	
51551	
51550	
51634	
51642	
51561	
51549	
51648	
51562	
51563	
51649	
51652	
51653	
51575	
51654	
51576	
51564	
51567	
51565	
51568	
51566	
51592	
51658	
51668	
51669	
51670	
51672	
51673	
51674	
51675	
51657	
51687	
51691	
51656	
51692	
51661	
51664	
51662	
51659	
51663	
51660	
51690	
51678	
51677	
51679	
51680	
51710	
51666	
51665	
51667	
51711	
51712	
50857	
51681	
51683	
51682	
51684	
51546	
51597	
51521	
51110	
51111	
51713	
51647	
51715	
51716	
51688	
51717	
51598	
51714	
51721	
51495	
51722	
51723	
51724	
51725	
51726	
51728	
51190	
51731	
51733	
51734	
51737	
51738	
51651	
51741	
51742	
51743	
51719	
51744	
51695	
51698	
51697	
51694	
51745	
51693	
51696	
51735	
51748	
51699	
51749	
51750	
51760	
51730	
51762	
51763	
51764	
51685	
51765	
51766	
51707	
51708	
51705	
51702	
51704	
51706	
51703	
51700	
51701	
51768	
51761	
51769	
51709	
51780	
51781	
51782	
51779	
51778	
51786	
51785	
51787	
51788	
51789	
51790	
51791	
51792	
51794	
51753	
51795	
51793	
51796	
51797	
51799	
51801	
51802	
51806	
51807	
51808	
51809	
51798	
51811	
51814	
51816	
51813	
51754	
51756	
51784	
51824	
51758	
51759	
51279	
51827	
51826	
51830	
51732	
51831	
51832	
51828	
51833	
51835	
51836	
51857	
51859	
51860	
51861	
51862	
51866	
51858	
51869	
51870	
51871	
51872	
51874	
51875	
51912	
51913	
51910	
51914	
51916	
51917	
51829	
51863	
51909	
51381	
51922	
51923	
51837	
51846	
51848	
51839	
51844	
51924	
51925	
51926	
51841	
51945	
51947	
51840	
51948	
51950	
51951	
51952	
51953	
51842	
51954	
51838	
51959	
51957	
51962	
51963	
51965	
51968	
51969	
51973	
51974	
51845	
51975	
51976	
51978	
51979	
51755	
51843	
51984	
51847	
51849	
51820	
51985	
51986	
51854	
51927	
51930	
51929	
51931	
51987	
51928	
51805	
51966	
51853	
51856	
51852	
51990	
51935	
51936	
51991	
51992	
51993	
51989	
51971	
51851	
51994	
51995	
51921	
51855	
51946	
51949	
51920	
51937	
51932	
51934	
51933	
51977	
51999	
51998	
51810	
51996	
51940	
51938	
51939	
51907	
51941	
51960	
52037	
52038	
52039	
52040	
52041	
51961	
51850	
52044	
52043	
52046	
52047	
52049	
52050	
52051	
52052	
52053	
52054	
52042	
52045	
52070	
52071	
52017	
52016	
52018	
51982	
52009	
52011	
52010	
52015	
52019	
52012	
52006	
52074	
52078	
52079	
52080	
52013	
52081	
52005	
52014	
52086	
52087	
52089	
52091	
51880	
52093	
52095	
52008	
52007	
51881	
51919	
51736	
52102	
52103	
52104	
52105	
52106	
52107	
52108	
52107	
51876	
51878	
51988	
52077	
52085	
52092	
52021	
52020	
51877	
52027	
52022	
52023	
52028	
52029	
51883	
52111	
52114	
52116	
52117	
52118	
51882	
51864	
52031	
52030	
52026	
52032	
52055	
52115	
52119	
52082	
52033	
52057	
52036	
51879	
52058	
52035	
51892	
52059	
52048	
52024	
51891	
51888	
52110	
52025	
52124	
52123	
52125	
52128	
52129	
52130	
52132	
52133	
51887	
51884	
52135	
52137	
52136	
51904	
52060	
51886	
51885	
52131	
51903	
52138	
52139	
51767	
52127	
52061	
52062	
52064	
52063	
52101	
51897	
51899	
52065	
51898	
52151	
52112	
52099	
52066	
52067	
52159	
52096	
51895	
52158	
52160	
52161	
52163	
52162	
51905	
51894	
52121	
52153	
51890	
52165	
52164	
51896	
51889	
52166	
52122	
52171	
52172	
52141	
52174	
52175	
52176	
52034	
52126	
52182	
52183	
52184	
52185	
52186	
52190	
52191	
52196	
52197	
52198	
52199	
52201	
52206	
52214	
52209	
52235	
52247	
51983	
51980	
52210	
52211	
52208	
52213	
52212	
52200	
52188	
52250	
52181	
52255	
52256	
52257	
52258	
52262	
52265	
52269	
52261	
52271	
52272	
52179	
52273	
52277	
52279	
52281	
52282	
52274	
52283	
52284	
52285	
52286	
52287	
52289	
52288	
52291	
52270	
52293	
52294	
52276	
52275	
52296	
52314	
52315	
52321	
52304	
52313	
52322	
52326	
52327	
52329	
52305	
52331	
52332	
52339	
52180	
52295	
52307	
51868	
52142	
52169	
52177	
52319	
52248	
52205	
52352	
52351	
52356	
52359	
52360	
52354	
52363	
52364	
52365	
52366	
52373	
52382	
52383	
52370	
52384	
52385	
52386	
52388	
52389	
52390	
52391	
52387	
52393	
52396	
52398	
52400	
52336	
52397	
51918	
52409	
52217	
52216	
52215	
52143	
52189	
52413	
52202	
52417	
52203	
52426	
52449	
52448	
52450	
52451	
52441	
52453	
52454	
52461	
52462	
52445	
52464	
52425	
52465	
52466	
52467	
52469	
52470	
52473	
52475	
52477	
52478	
52479	
52480	
52481	
52482	
52483	
52484	
52486	
52487	
52488	
52489	
52490	
52476	
52491	
52492	
52493	
52494	
52495	
52496	
52499	
52500	
52501	
52502	
52503	
52504	
52506	
52097	
52472	
52509	
52510	
52511	
52512	
52513	
52514	
52515	
52516	
52517	
52518	
52519	
52520	
52521	
52522	
52523	
52442	
52471	
52524	
52525	
52444	
52292	
52508	
52218	
52219	
52526	
52528	
52529	
52527	
52531	
52533	
52222	
52530	
52535	
52544	
52545	
52546	
52543	
52547	
52548	
52549	
52224	
52374	
52538	
52377	
52376	
52375	
52552	
52221	
52226	
52553	
52554	
52380	
52555	
52534	
52223	
52561	
52562	
52559	
52563	
52560	
52558	
52565	
52566	
52568	
52379	
52573	
52570	
52574	
52564	
52575	
52576	
52557	
52577	
52569	
52550	
52578	
52556	
52358	
52378	
52225	
52571	
52572	
52220	
52381	
52587	
52588	
52589	
52590	
52593	
52594	
52595	
52596	
52597	
52591	
52598	
52582	
52601	
52357	
52607	
52583	
52238	
52600	
52580	
52237	
52579	
52239	
52234	
52612	
52245	
52614	
52603	
52240	
52233	
52243	
52610	
52246	
52236	
52602	
52227	
52244	
52228	
52242	
52605	
52615	
52619	
52622	
52623	
52624	
52620	
52621	
52617	
52626	
52608	
52628	
52627	
52604	
52630	
52629	
52632	
52616	
52637	
52230	
52633	
52641	
52229	
52645	
52634	
52646	
52647	
52648	
52649	
52650	
52651	
52652	
52653	
52231	
52241	
52631	
52232	
52618	
52640	
52663	
52309	
52414	
52421	
52433	
52665	
51834	
52662	
52682	
52683	
52685	
52686	
52687	
52680	
52691	
52692	
52693	
52694	
52539	
52540	
52541	
52695	
52697	
52696	
52542	
52706	
52704	
52703	
52702	
52705	
52707	
52708	
52709	
52710	
52672	
52625	
52536	
52532	
52716	
52715	
52717	
52720	
52721	
52690	
52698	
52711	
52676	
52669	
52308	
52729	
52731	
52732	
52733	
52738	
52739	
52740	
52741	
52742	
52730	
52724	
52744	
52747	
52745	
52749	
52754	
52755	
52756	
52767	
52768	
52769	
52770	
52771	
52774	
52775	
52776	
52779	
52664	
52719	
52786	
52743	
52725	
52781	
52440	
52784	
52790	
52791	
52792	
52793	
52723	
52796	
52797	
52799	
52800	
52801	
52802	
52803	
52806	
52807	
52812	
52814	
52813	
52815	
52816	
52817	
52810	
52674	
52820	
52734	
52818	
52278	
52689	
52821	
52735	
52736	
52585	
52819	
52822	
52737	
52839	
52866	
52867	
52868	
52758	
52671	
52805	
52881	
52882	
52880	
52883	
52884	
52809	
52885	
52886	
52887	
52888	
52889	
52890	
52891	
52855	
52856	
52857	
52858	
52860	
52859	
52862	
52830	
52863	
52861	
52759	
52864	
52831	
52865	
52870	
52871	
52872	
52874	
52873	
52875	
52670	
52876	
52877	
52878	
52658	
52894	
52898	
52899	
52900	
52804	
52714	
52901	
52902	
52903	
52910	
52911	
52912	
52833	
52832	
52823	
52835	
52834	
52924	
52837	
52836	
52764	
52925	
52927	
52928	
52929	
52930	
52931	
52932	
52933	
52934	
52935	
52936	
52937	
52938	
52939	
52940	
52941	
52068	
52942	
52943	
52944	
52945	
52946	
52947	
52948	
52949	
52950	
52951	
52952	
52953	
52954	
52638	
52757	
52726	
52971	
52977	
52979	
52973	
52980	
52982	
52972	
52983	
52987	
52988	
52644	
52896	
52760	
52990	
52991	
52992	
52993	
52994	
52995	
52996	
52997	
52998	
53001	
53000	
52989	
53002	
53004	
53005	
53006	
53007	
52999	
53008	
53014	
53013	
53016	
53015	
53022	
53027	
53019	
53033	
53029	
53035	
52919	
53036	
52762	
53043	
53044	
53045	
53046	
53039	
53053	
53052	
53055	
53057	
53058	
53066	
53067	
53068	
53069	
53070	
53064	
53065	
53077	
53076	
53078	
53079	
53081	
53082	
53085	
53086	
53087	
53083	
53088	
53089	
53080	
53071	
53061	
53062	
53090	
53092	
53094	
53060	
53097	
53099	
53101	
53103	
53104	
53105	
53106	
53107	
53108	
53109	
53110	
53111	
53113	
53102	
53116	
53117	
53118	
53120	
53075	
53121	
53122	
53123	
53124	
53125	
53126	
53127	
53128	
53129	
53131	
53132	
53133	
53134	
53130	
53135	
52963	
52975	
52727	
52684	
52699	
52701	
52964	
53084	
52847	
53141	
53142	
53143	
53145	
53146	
53148	
53149	
53150	
53151	
53152	
53154	
53155	
53156	
53157	
53158	
53159	
53162	
53144	
53147	
53164	
53165	
53166	
53167	
53168	
53169	
53170	
53171	
53172	
53173	
53174	
53176	
53175	
52844	
52956	
52976	
52843	
53020	
52848	
52850	
52838	
52842	
53034	
52849	
52846	
52841	
52840	
52851	
53180	
53182	
52845	
53184	
53185	
52853	
52852	
52772	
51867	
52854	
53098	
53188	
53194	
53183	
53021	
53160	
53161	
53204	
53205	
53208	
53203	
53210	
53211	
53215	
53216	
53217	
53218	
53219	
53221	
53222	
53223	
53224	
53225	
52923	
53191	
53214	
52974	
52787	
53228	
53229	
53042	
53230	
53212	
53213	
53234	
52918	
53242	
53231	
53243	
53244	
53245	
53246	
53247	
53248	
53251	
53252	
53253	
53254	
53269	
53262	
53259	
53260	
53261	
53140	
53249	
53288	
53276	
53273	
53274	
53275	
53279	
53277	
53278	
53272	
53235	
53237	
53289	
53290	
53291	
53292	
53280	
53282	
53281	
53283	
53294	
53295	
53286	
53285	
53284	
53296	
53297	
53287	
53300	
53193	
53041	
52921	
53138	
53137	
53139	
53136	
53299	
53268	
53305	
53256	
53304	
53199	
53255	
53307	
52965	
53257	
53258	
53308	
53321	
53330	
53329	
53318	
53337	
53201	
53340	
53342	
53343	
53344	
53345	
53346	
53347	
53355	
53356	
53357	
53348	
53341	
53200	
53236	
53311	
53353	
52551	
53373	
53376	
53379	
53384	
53385	
53394	
53395	
53396	
53196	
53368	
53387	
53306	
53338	
53400	
53381	
53380	
53313	
53405	
53382	
53315	
53383	
53323	
53354	
53391	
53392	
53372	
53393	
53324	
53325	
53418	
53419	
53195	
53425	
53426	
53428	
53427	
53416	
53406	
53420	
53447	
53449	
53448	
53450	
53240	
53241	
53366	
53414	
53444	
53451	
53371	
53432	
53335	
53466	
53467	
53469	
53470	
53471	
53472	
53473	
53438	
53476	
53477	
53422	
53516	
53463	
53423	
53537	
53538	
53539	
53540	
53544	
53545	
53546	
53548	
53551	
53552	
53442	
53559	
53560	
53561	
53562	
53397	
53417	
53483	
53555	
53558	
53541	
53542	
53547	
53566	
53567	
53568	
53549	
53485	
53486	
53487	
53564	
53474	
53488	
53573	
53490	
53569	
53489	
53556	
53563	
53570	
53492	
53491	
53494	
53493	
53496	
53495	
53571	
53497	
53499	
53501	
53500	
53502	
53399	
53498	
53503	
53505	
53504	
53506	
53508	
53507	
53509	
53510	
53478	
53557	
53584	
53585	
53589	
53465	
53588	
53590	
53619	
53620	
53543	
53511	
53479	
53622	
53587	
53623	
53583	
53626	
53625	
53624	
53627	
53629	
53595	
53591	
53600	
53598	
53601	
53593	
53592	
53603	
53594	
53596	
53604	
53609	
53597	
53576	
53611	
53608	
53599	
53631	
53607	
53481	
53610	
53612	
53636	
53616	
53605	
53618	
53617	
53637	
53645	
53518	
53565	
53606	
53615	
53415	
53646	
53658	
53613	
53659	
53660	
53639	
53602	
53644	
53614	
53408	
53647	
53648	
53578	
53652	
53651	
53649	
53640	
53638	
53657	
53409	
53577	
53642	
53653	
53675	
53656	
53698	
53699	
53700	
53701	
53709	
53707	
53708	
53711	
53710	
53713	
53715	
53717	
53579	
53718	
53719	
53720	
53736	
53737	
53738	
53739	
53747	
53724	
53723	
53722	
53725	
53721	
53726	
53729	
53728	
53727	
53730	
53750	
53751	
53761	
53762	
53731	
53767	
53774	
53775	
53776	
53777	
53732	
53733	
53734	
53778	
53735	
53782	
53783	
53677	
53678	
53680	
53694	
53679	
53681	
53693	
53692	
53691	
53689	
53690	
53682	
53687	
53683	
53686	
53684	
53787	
53688	
53795	
53685	
53797	
53786	
53798	
53799	
53800	
53801	
53802	
53803	
53804	
53785	
53806	
53667	
53666	
53825	
53827	
53828	
53837	
53836	
53829	
53807	
53839	
53838	
53841	
53851	
53842	
53853	
53664	
53854	
53852	
53831	
53830	
53812	
53858	
53859	
53860	
53861	
53862	
53863	
53857	
53865	
53866	
53867	
53868	
53672	
53872	
53875	
53870	
53876	
53832	
53833	
53880	
53881	
53896	
53884	
53898	
53897	
53899	
53901	
53902	
53903	
53900	
53904	
53905	
53906	
53834	
53835	
53885	
53907	
53908	
53789	
53919	
53922	
53921	
53924	
53927	
53932	
53934	
53940	
53942	
53944	
53945	
53809	
53808	
53933	
53874	
53949	
53935	
53937	
53788	
53952	
53953	
53954	
53948	
53956	
53957	
53950	
53959	
53960	
53961	
53967	
53931	
53969	
53936	
53923	
53973	
53971	
53909	
53910	
53978	
53980	
53981	
53985	
53982	
53894	
53988	
53989	
53992	
53987	
53955	
54002	
54003	
53993	
53911	
54004	
53991	
53912	
54010	
54005	
54017	
53665	
54023	
54011	
53913	
53914	
53963	
54040	
54012	
54032	
53915	
53916	
54043	
53846	
54042	
53864	
54013	
53984	
54051	
53986	
54052	
54082	
54083	
54084	
54085	
54086	
54087	
53630	
