Number of jobs started within time frame: 9216

42802	
42803	
42804	
42805	
42806	
42807	
42808	
42809	
42812	
42813	
42814	
42815	
42816	
42817	
42818	
42819	
42820	
42821	
42822	
42823	
42824	
42825	
42827	
42828	
42830	
42829	
42831	
42832	
42833	
42834	
42835	
42836	
42837	
42838	
42839	
42840	
42841	
42842	
42843	
42844	
42845	
42846	
42847	
42848	
42849	
42850	
42851	
42852	
42853	
42854	
42855	
42856	
42857	
42858	
42859	
42860	
42861	
42862	
42863	
42864	
42865	
42866	
42867	
42868	
42869	
42870	
42871	
42872	
42873	
42874	
42875	
42878	
42879	
42811	
42880	
42881	
42882	
42884	
42886	
42887	
42888	
42889	
42890	
42891	
42892	
42893	
42894	
42895	
42896	
42897	
42902	
42905	
42906	
42910	
42911	
42912	
42913	
42914	
42915	
42916	
42917	
42918	
42919	
42920	
42921	
42922	
42923	
42924	
42925	
42927	
42928	
42929	
42930	
42931	
42932	
42933	
42934	
42935	
42936	
42937	
42938	
42939	
42941	
42942	
42943	
42944	
42945	
42946	
42947	
42948	
42949	
42950	
42951	
42952	
42953	
42954	
42955	
42958	
42959	
42960	
42961	
42962	
42963	
42964	
42965	
42966	
42967	
42968	
42969	
42972	
42970	
42971	
42973	
42974	
42975	
42976	
42977	
42978	
42979	
42980	
42981	
42982	
42983	
42988	
42989	
42990	
42991	
43001	
43003	
43004	
43005	
43006	
43007	
43010	
43011	
43012	
43013	
43014	
43015	
43016	
43017	
43018	
43019	
43020	
43021	
43022	
43023	
42957	
43029	
43026	
43027	
43030	
43031	
43033	
43035	
43036	
43037	
43038	
43039	
43040	
43041	
43042	
43043	
43044	
43045	
43046	
43047	
43048	
43049	
43051	
43052	
43053	
43054	
43055	
43056	
43057	
43058	
43059	
43061	
43062	
43065	
43066	
43067	
43068	
43069	
43070	
43071	
43072	
43074	
43075	
43076	
43077	
43078	
43080	
43081	
43082	
43083	
43084	
43085	
43087	
43088	
43089	
43090	
43092	
43094	
43096	
43098	
43099	
43100	
43101	
43102	
43103	
43104	
43105	
43108	
43106	
43109	
43110	
43111	
43112	
43113	
43114	
43116	
43117	
43118	
43119	
43120	
43121	
43122	
43123	
43124	
43115	
43125	
43126	
43129	
43130	
43131	
43132	
43134	
43135	
43136	
43137	
43133	
43138	
43139	
43140	
43079	
43143	
43144	
43145	
43146	
43147	
43148	
43149	
43150	
43151	
43152	
43107	
43153	
43154	
43155	
43156	
43157	
43159	
43160	
43161	
43164	
43165	
43166	
43167	
43168	
43169	
43170	
43171	
43172	
43173	
43175	
43176	
43177	
43178	
43179	
43180	
43181	
43182	
43183	
43185	
43184	
43188	
43192	
43193	
43194	
43195	
43191	
43196	
43197	
43198	
43199	
43200	
43201	
43202	
43203	
43204	
43205	
43206	
43207	
43209	
43212	
43213	
43214	
43216	
43217	
43218	
43219	
43220	
43221	
43223	
43224	
43225	
43226	
43230	
43231	
43232	
43233	
43234	
43235	
43236	
43237	
43238	
43240	
43241	
43242	
43244	
43245	
43246	
43248	
43162	
43250	
43251	
43252	
43229	
43253	
43254	
43256	
43257	
43258	
43091	
43259	
43260	
43261	
43262	
43263	
43264	
43265	
43266	
43268	
43269	
43270	
43271	
43272	
43273	
43276	
43278	
43281	
43282	
43283	
43284	
43288	
43289	
43290	
43274	
43295	
43296	
43297	
43299	
43300	
43301	
43303	
43305	
43307	
43308	
43306	
43309	
43310	
43311	
43312	
43313	
43314	
43127	
43315	
43316	
43318	
43319	
43321	
43322	
43323	
43324	
43325	
43326	
43327	
43328	
43329	
43330	
43331	
43277	
43332	
43333	
43334	
43335	
43336	
43337	
43338	
43339	
43340	
43341	
43342	
43343	
43344	
43345	
43346	
43347	
43348	
43349	
43353	
43354	
43356	
43357	
43093	
43358	
43359	
43360	
43361	
43362	
43363	
43364	
43365	
43366	
43367	
43369	
43370	
43371	
43372	
43373	
43374	
43375	
43376	
43377	
43378	
43379	
43380	
43381	
43382	
43383	
43384	
43385	
43386	
43395	
43396	
43397	
43400	
43401	
43402	
43403	
43404	
43405	
43406	
43408	
43409	
43410	
43387	
43388	
43389	
43390	
43391	
43411	
43412	
43413	
43414	
43415	
43407	
43416	
43417	
43418	
43419	
43420	
43421	
43095	
43097	
43422	
43426	
43427	
43429	
43431	
43432	
43433	
43434	
43435	
43436	
43437	
43440	
43394	
43441	
43398	
43443	
43444	
43445	
43447	
43448	
43449	
43450	
43451	
43453	
43455	
43457	
43459	
43462	
43456	
43463	
43464	
43469	
43470	
43471	
43472	
43473	
43474	
43458	
43475	
43476	
43477	
43479	
43480	
43428	
43430	
43481	
43482	
43461	
43483	
43484	
43485	
43486	
43487	
43423	
43488	
43489	
43496	
43497	
43492	
43493	
43399	
43498	
43499	
43500	
43505	
43506	
43507	
43508	
43509	
43510	
43511	
43512	
43501	
43513	
43514	
43515	
43516	
43517	
43518	
43521	
43522	
43523	
43524	
43531	
43532	
43533	
43535	
43536	
43537	
43454	
43538	
43539	
43540	
43541	
43542	
43543	
43544	
43546	
43547	
43534	
43548	
43549	
43502	
43551	
43550	
43552	
43553	
43554	
43555	
43556	
43557	
43558	
43491	
43504	
43559	
43560	
43561	
43562	
43563	
43564	
43565	
43566	
43567	
43568	
43569	
43570	
43571	
43572	
43573	
43574	
43575	
43576	
43577	
43578	
43579	
43580	
43581	
43584	
43587	
43588	
43589	
43590	
43593	
43594	
43595	
43596	
43597	
43598	
43602	
43603	
43604	
43605	
43606	
43609	
43610	
43611	
43612	
43613	
43614	
43615	
43616	
43617	
43618	
43619	
43620	
43621	
43622	
43624	
43630	
43635	
43638	
43639	
43640	
43641	
43642	
43643	
43644	
43646	
43647	
43648	
43649	
43651	
43631	
43652	
43655	
43656	
43657	
43592	
43658	
43659	
43660	
43661	
43662	
43663	
43632	
43633	
43634	
43637	
43667	
43664	
43665	
43669	
43424	
43673	
43677	
43666	
43679	
43680	
43681	
43674	
43685	
43686	
43687	
43688	
43692	
43694	
43695	
43696	
43697	
43699	
43701	
43702	
43703	
43690	
43693	
43705	
43706	
43707	
43708	
43709	
43698	
43700	
43712	
43710	
43713	
43714	
43715	
43682	
43529	
43530	
43711	
43716	
43717	
43718	
43719	
43720	
43721	
43722	
43723	
43727	
43728	
43730	
43731	
43733	
43735	
43737	
43738	
43739	
43740	
43741	
43742	
43734	
43743	
43736	
43744	
43746	
43747	
43745	
43425	
43748	
43749	
43750	
43751	
43755	
43757	
43758	
43762	
43765	
43766	
43678	
43759	
43760	
43768	
43769	
43770	
43771	
43754	
43773	
43774	
43775	
43776	
43777	
43781	
43782	
43783	
43784	
43785	
43786	
43787	
43788	
43790	
43780	
43791	
43792	
43793	
43794	
43795	
43796	
43797	
43798	
43591	
43799	
43802	
43804	
43803	
43805	
43806	
43807	
43808	
43809	
43811	
43812	
43813	
43814	
43815	
43816	
43817	
43818	
43819	
43820	
43824	
43827	
43800	
43801	
43828	
43829	
43830	
43831	
43832	
43833	
43834	
43835	
43836	
43837	
43838	
43840	
43839	
43841	
43842	
43843	
43844	
43845	
43846	
43847	
43848	
43849	
43850	
43851	
43852	
43853	
43854	
43855	
43857	
43858	
43859	
43860	
43861	
43863	
43865	
43866	
43864	
43867	
43868	
43869	
43871	
43872	
43873	
43874	
43875	
43876	
43877	
43878	
43879	
43880	
43881	
43883	
43884	
43885	
43886	
43887	
43888	
43889	
43890	
43891	
43892	
43894	
43895	
43896	
43897	
43898	
43899	
43900	
43901	
43902	
43903	
43905	
43906	
43907	
43910	
43912	
43913	
43914	
43915	
43916	
43917	
43918	
43919	
43920	
43921	
43923	
43924	
43925	
43926	
43927	
43928	
43929	
43930	
43931	
43934	
43935	
43936	
43937	
43938	
43939	
43940	
43941	
43947	
43942	
43943	
43944	
43945	
43946	
43948	
43949	
43950	
43951	
43952	
43953	
43954	
43955	
43956	
43957	
43958	
43959	
43960	
43961	
43962	
43963	
43964	
43965	
43966	
43967	
43968	
43969	
43970	
43971	
43972	
43974	
43975	
43976	
43977	
43978	
43979	
43980	
43981	
43982	
43983	
43984	
43985	
43986	
43987	
43988	
43990	
43989	
43992	
43993	
43994	
43995	
43996	
43997	
43998	
43999	
44000	
44001	
44002	
44003	
44004	
44005	
44006	
44007	
44008	
44009	
44010	
44011	
44012	
44013	
44014	
44015	
44016	
44017	
44018	
44019	
44021	
44023	
44027	
44028	
44030	
44031	
44032	
44033	
44034	
44053	
44052	
44035	
44055	
44056	
44057	
44058	
44059	
44060	
44061	
44062	
44063	
44064	
44054	
44036	
44037	
44065	
44067	
44068	
44069	
44070	
44071	
44038	
44039	
44075	
44076	
44080	
44081	
44082	
44084	
44087	
44089	
44091	
44092	
44093	
44094	
44096	
44097	
44098	
44099	
44100	
44101	
44103	
44083	
44095	
44040	
44073	
44074	
44104	
44041	
44042	
44043	
44044	
44105	
44106	
44107	
44108	
44109	
44110	
44045	
44114	
44077	
44116	
44117	
44118	
44046	
44119	
44120	
44047	
44121	
44122	
44123	
44048	
44124	
44125	
44162	
44049	
44163	
44164	
44050	
44115	
44051	
44165	
44152	
44153	
44154	
44155	
44156	
44157	
44158	
44159	
44160	
44161	
44168	
44169	
44170	
44171	
44172	
44173	
44174	
44175	
44176	
44177	
44178	
44179	
44180	
44181	
44182	
44183	
44184	
44185	
44186	
44187	
44188	
44189	
44190	
44191	
44192	
44193	
44195	
44196	
44198	
44199	
44200	
44202	
44203	
44204	
44205	
44207	
44209	
44210	
44211	
44212	
44213	
44215	
44216	
44217	
44218	
44219	
44220	
44221	
44222	
44223	
44224	
44228	
44229	
44230	
44231	
44232	
44233	
44234	
44235	
44236	
44237	
44238	
44239	
44240	
44241	
44242	
44243	
44244	
44245	
44246	
44247	
44248	
44249	
44250	
44251	
44252	
44254	
44255	
44256	
44257	
44258	
44259	
44260	
44261	
44262	
44263	
44264	
44266	
44267	
44268	
44269	
44270	
44271	
44272	
44273	
44274	
44275	
44276	
44277	
44278	
44279	
44280	
44281	
44282	
44284	
44285	
44286	
44287	
44296	
44297	
44298	
44299	
44300	
44301	
44302	
44303	
44304	
44307	
44305	
43911	
43991	
44085	
43870	
43932	
44308	
44306	
43933	
44225	
44310	
44311	
44312	
44313	
44314	
44315	
44316	
44317	
44318	
44226	
44319	
44320	
44309	
44323	
44321	
44322	
44324	
44325	
44326	
44327	
44328	
44292	
44330	
44331	
44332	
44333	
44334	
44335	
44336	
44337	
44338	
44339	
44340	
44341	
44342	
44343	
44345	
44346	
44347	
44348	
44349	
44353	
44354	
44357	
44359	
44360	
44362	
44363	
44364	
44365	
44366	
44367	
44368	
44369	
44370	
44371	
44372	
44373	
44374	
44375	
44361	
44376	
44377	
44378	
44379	
44380	
44381	
44383	
44384	
44385	
44386	
44387	
44388	
44389	
44390	
44391	
44392	
44393	
44394	
44395	
44396	
44397	
44398	
44399	
44400	
44401	
44402	
44403	
44404	
44405	
44406	
44407	
44408	
44409	
44410	
44411	
44412	
44413	
44414	
44415	
44416	
44417	
44418	
44419	
44420	
44421	
44422	
44423	
44424	
44425	
44426	
44427	
44428	
44429	
44430	
44431	
44432	
44433	
44350	
44351	
44436	
44437	
44438	
44439	
44440	
44441	
44442	
44443	
44444	
44445	
44446	
44447	
44448	
44452	
44453	
44454	
44455	
44457	
44458	
44459	
44460	
44461	
44462	
44463	
44464	
44465	
44466	
44467	
44468	
44469	
44470	
44471	
44472	
44473	
44474	
44475	
44476	
44477	
44478	
44479	
44480	
44481	
44482	
44483	
44484	
44486	
44488	
44489	
44490	
44491	
44492	
44493	
44494	
44495	
44496	
44497	
44498	
44499	
44500	
44506	
44507	
44508	
44509	
44513	
44514	
44521	
44522	
44524	
44523	
44525	
44526	
44527	
44528	
44529	
44530	
44535	
44536	
44537	
44538	
44539	
44540	
44541	
44542	
44543	
44544	
44545	
44546	
44547	
44570	
44572	
44573	
44574	
44599	
44600	
44531	
44532	
44601	
44533	
44602	
44604	
44605	
44607	
44534	
44548	
44612	
44549	
44613	
44609	
44550	
44610	
44614	
44615	
44551	
44616	
44617	
44618	
44619	
44620	
44621	
44611	
44626	
44627	
44628	
44552	
44629	
44553	
44554	
44630	
44555	
44556	
44557	
44640	
44558	
44559	
44560	
44641	
44561	
44562	
44563	
44644	
44564	
44565	
44645	
44646	
44647	
44648	
44649	
44650	
44566	
44651	
44656	
44657	
44567	
44568	
44569	
44575	
44576	
44661	
44577	
44578	
44579	
44664	
44665	
44666	
44580	
44581	
44582	
44583	
44584	
44670	
44671	
44672	
44673	
44653	
44655	
44667	
44585	
44675	
44586	
44676	
44677	
44678	
44679	
44587	
44588	
44589	
44590	
44591	
44592	
44593	
44594	
44595	
44596	
44597	
44598	
44681	
44682	
44683	
44686	
44687	
44688	
44689	
44690	
44684	
44694	
44695	
44696	
44697	
44698	
44456	
44450	
44451	
44700	
44702	
44703	
44704	
44705	
44706	
44692	
44707	
44710	
44711	
44712	
44713	
44714	
44716	
44718	
44726	
44727	
44728	
44699	
44732	
44734	
44739	
44742	
44738	
44737	
44743	
44745	
44746	
44749	
44750	
44751	
44752	
44658	
44755	
44756	
44758	
44759	
44729	
44753	
44761	
44762	
44765	
44766	
44767	
44771	
44772	
44774	
44777	
44778	
44779	
44780	
44773	
44719	
44760	
44785	
44787	
44788	
44789	
44790	
44791	
44623	
44792	
44793	
44794	
44795	
44797	
44798	
44799	
44801	
44802	
44808	
44814	
44820	
44821	
44722	
44822	
44823	
44826	
44827	
44754	
44748	
44828	
44829	
44831	
44832	
44833	
44834	
44835	
44836	
44837	
44838	
44839	
44840	
44841	
44842	
44843	
44845	
44846	
44847	
44849	
44723	
44848	
44851	
44852	
44857	
44859	
44861	
44862	
44865	
44866	
44867	
44868	
44869	
44870	
44871	
44872	
44874	
44875	
44876	
44877	
44878	
44879	
44881	
44883	
44884	
44885	
44886	
44887	
44888	
44889	
44890	
44891	
44892	
44893	
44894	
44827	
44859	
44895	
44896	
44897	
44898	
44899	
44850	
44900	
44901	
44902	
44903	
44853	
44854	
44827	
44859	
44906	
44907	
44908	
44910	
44911	
44913	
44915	
44917	
44918	
44919	
44924	
44927	
44928	
44931	
44932	
44933	
44934	
44935	
44938	
44939	
44940	
44941	
44946	
44953	
44954	
44956	
44958	
44960	
44920	
44961	
44962	
44963	
44964	
44965	
44966	
44980	
44981	
44982	
44983	
44984	
44967	
44985	
44986	
44968	
44987	
44988	
44969	
44970	
44971	
44972	
44973	
44974	
44975	
44976	
44990	
44991	
44992	
44993	
44994	
44995	
44996	
44997	
44998	
45006	
45007	
44999	
45000	
45001	
45002	
45003	
45004	
45005	
44989	
45008	
45009	
45010	
45011	
45012	
45014	
45013	
45015	
45017	
45021	
45018	
45023	
45025	
45026	
45027	
45028	
45029	
45030	
45031	
45032	
45033	
45034	
45035	
45036	
45037	
45038	
45039	
45040	
45041	
45042	
45043	
45044	
45045	
45046	
45048	
44921	
45049	
45050	
45051	
45052	
45053	
45054	
45055	
45056	
45057	
45058	
45060	
45061	
45062	
45063	
45064	
45065	
45066	
45067	
45068	
45069	
45070	
45071	
45072	
45073	
45074	
45075	
45077	
45078	
45079	
45047	
45080	
45081	
45086	
45087	
45088	
45089	
45090	
45091	
45092	
45093	
45094	
45095	
45096	
45098	
45099	
45100	
45101	
45104	
45105	
45106	
45107	
45108	
45109	
45110	
45111	
45103	
45112	
45113	
45114	
45115	
45116	
45118	
45119	
45120	
45121	
45122	
45123	
45117	
45129	
45130	
45131	
45132	
45133	
45134	
45135	
45136	
45137	
45138	
45128	
45140	
45141	
45142	
45143	
45144	
45145	
45146	
45147	
45139	
45154	
45155	
45156	
45158	
45159	
45160	
45161	
45162	
45163	
45164	
45165	
45166	
45167	
45168	
45169	
45171	
45172	
45173	
45174	
45175	
45176	
45177	
45178	
45179	
45180	
45181	
45182	
45184	
45185	
45186	
45187	
45188	
45189	
45190	
45209	
45210	
45191	
45192	
45211	
45193	
45194	
45195	
45196	
45197	
45198	
45199	
45200	
45201	
45202	
45203	
45204	
45205	
45206	
45207	
45208	
45183	
45212	
45213	
45216	
45214	
45217	
45215	
45218	
45219	
45220	
45221	
45222	
45223	
45224	
45227	
45225	
45226	
45229	
45231	
45232	
44358	
44781	
45233	
45234	
45235	
45236	
45238	
45240	
45241	
45242	
44782	
45230	
45244	
45245	
45246	
45247	
45248	
45249	
45250	
45252	
45251	
45255	
45256	
45258	
45259	
45260	
45261	
45262	
45263	
45264	
45265	
45266	
45267	
45268	
45273	
45274	
45275	
45276	
45277	
45278	
45279	
45280	
45281	
45282	
45283	
45285	
45286	
45287	
45288	
45289	
45290	
45291	
45292	
45293	
45294	
45295	
45296	
45297	
45298	
45299	
45300	
45301	
45302	
45304	
45305	
45306	
45307	
45311	
45312	
45310	
45315	
45319	
45320	
45321	
45323	
45325	
45326	
45327	
45328	
45329	
45330	
45331	
45332	
45333	
45334	
45335	
45337	
45338	
45339	
45340	
45341	
45342	
45343	
45345	
45346	
45347	
45350	
45356	
45360	
45352	
45353	
45354	
45355	
45357	
45358	
45359	
45361	
45362	
45363	
45364	
45366	
45368	
45376	
45377	
45378	
45379	
45380	
45381	
45369	
45370	
45371	
45372	
45373	
45374	
45383	
45385	
45387	
45388	
45390	
45391	
45392	
45393	
45394	
45395	
45396	
45397	
45398	
45375	
45384	
45386	
45399	
45400	
45401	
45402	
45403	
45404	
45405	
45410	
45411	
45412	
45365	
45414	
45415	
45416	
45417	
45418	
45419	
45422	
45423	
45424	
45425	
45426	
45427	
45428	
45429	
45430	
45431	
45432	
45434	
45433	
45435	
45436	
45437	
45438	
45439	
45441	
45442	
45443	
45444	
45445	
45446	
45447	
45448	
45449	
45452	
45454	
45457	
45458	
45450	
45451	
45459	
45453	
45455	
45456	
45460	
45473	
45461	
45462	
45476	
45463	
45474	
45472	
45475	
45464	
45465	
45466	
45477	
45478	
45467	
45480	
45468	
45469	
45470	
45471	
45484	
45483	
45485	
45488	
45489	
45490	
45491	
45492	
45487	
45481	
45482	
45493	
45494	
45495	
45496	
45498	
45499	
45500	
45501	
45502	
45503	
45504	
45505	
45506	
45508	
45509	
45510	
45511	
45512	
45513	
45514	
45515	
45517	
45516	
45518	
45519	
45520	
45521	
45522	
45523	
45421	
45524	
45525	
45526	
45527	
45528	
45529	
45530	
45531	
45532	
45533	
45534	
45535	
45536	
45539	
45542	
45545	
45546	
45543	
45544	
45549	
45550	
45551	
45552	
45555	
45556	
45557	
45559	
45560	
45561	
45562	
45563	
45564	
45566	
45576	
45577	
45575	
45569	
45570	
45571	
45572	
45573	
45574	
45554	
45578	
45579	
45602	
45603	
45604	
45580	
45581	
45605	
45606	
45607	
45608	
45609	
45610	
45611	
45612	
45616	
45617	
45618	
45619	
45620	
45621	
45622	
45623	
45624	
45625	
45582	
45583	
45626	
45627	
45631	
45584	
45585	
45586	
45632	
45587	
45588	
45589	
45633	
45590	
45634	
45635	
45636	
45591	
45592	
45593	
45594	
45595	
45596	
45640	
45641	
45642	
45643	
45597	
45645	
45646	
45647	
45598	
45599	
45600	
45648	
45649	
45650	
45651	
45652	
45653	
45654	
45655	
45656	
45657	
45658	
45659	
45660	
45661	
45662	
45663	
45664	
45665	
45666	
45667	
45668	
45669	
45670	
45671	
45672	
45673	
45674	
45675	
45676	
45677	
45678	
45679	
45680	
45681	
45682	
45683	
45684	
45685	
45687	
45686	
45691	
45692	
45693	
45694	
45695	
45690	
45689	
45696	
45698	
45699	
45700	
45701	
45702	
45697	
45688	
45703	
45706	
45707	
45708	
45709	
45710	
45711	
45712	
45713	
45714	
45715	
45716	
45717	
45718	
45719	
45720	
45722	
45723	
45724	
45725	
45726	
45727	
45728	
45729	
45730	
45731	
45732	
45733	
45734	
45735	
45736	
45737	
45738	
45739	
45740	
45741	
45742	
45743	
45744	
45745	
45746	
45747	
45748	
45750	
45751	
45752	
45753	
45754	
45755	
45756	
45757	
45758	
45759	
45760	
45761	
45762	
45763	
45764	
45765	
45766	
45767	
45768	
45749	
45769	
45770	
45771	
45772	
45773	
45774	
45775	
45776	
45777	
45778	
45779	
45780	
45781	
45704	
45782	
45783	
45784	
45785	
45786	
45787	
45797	
45798	
45799	
45800	
45801	
45802	
45803	
45804	
45805	
45806	
45807	
45808	
45809	
45810	
45811	
45812	
45813	
45814	
45815	
45816	
45817	
45818	
45819	
45820	
45821	
45822	
45828	
45823	
45830	
45831	
45832	
45834	
45705	
45835	
45836	
45837	
45838	
45839	
45841	
45842	
45843	
45844	
45845	
45846	
45847	
45848	
45849	
45850	
45851	
45852	
45853	
45854	
45855	
45788	
45856	
45857	
45858	
45859	
45860	
45861	
45862	
45789	
45863	
45864	
45865	
45868	
45869	
45870	
45871	
45790	
45873	
45791	
45792	
45875	
45876	
45877	
45878	
45879	
45880	
45881	
45882	
45887	
45888	
45889	
45890	
45891	
45892	
45893	
45894	
45895	
45896	
45899	
45900	
45898	
45901	
45902	
45903	
45904	
45793	
45794	
45795	
45905	
45906	
45907	
45796	
45908	
45909	
45910	
45911	
45912	
45913	
45914	
45915	
45917	
45919	
45920	
45921	
45922	
45923	
45924	
45916	
45925	
45926	
45927	
45928	
45929	
45930	
45931	
45932	
45933	
45936	
45984	
45985	
45986	
45987	
45988	
45934	
45989	
45991	
45937	
45992	
45993	
45995	
45996	
45997	
45938	
45998	
46001	
46002	
46003	
46004	
46005	
46006	
46007	
46008	
46009	
46010	
46011	
46012	
46013	
46014	
46015	
46016	
45939	
46017	
45940	
46018	
45941	
46019	
46020	
46021	
46022	
45942	
45943	
46024	
45944	
46025	
45945	
45946	
46041	
46042	
46043	
46044	
46045	
45947	
46046	
45948	
45949	
45950	
46048	
46049	
46050	
45951	
45952	
45953	
45954	
45955	
45956	
45957	
45958	
46052	
46053	
45959	
45960	
45961	
46054	
45962	
45963	
45964	
45965	
45966	
45967	
45968	
45969	
45970	
45971	
45972	
45973	
45974	
45975	
45976	
45977	
45978	
45979	
45935	
45980	
45981	
45982	
45983	
46023	
46026	
46027	
46028	
46056	
46057	
46058	
46059	
46060	
46062	
46064	
46066	
46067	
46068	
46069	
46071	
46061	
46073	
46074	
46075	
46076	
46065	
46077	
46078	
46079	
46080	
46081	
46082	
46083	
46084	
46086	
46089	
46087	
46029	
46090	
46091	
46092	
46093	
46030	
46031	
46096	
46097	
46098	
46094	
46032	
46099	
46101	
46103	
46033	
46034	
46035	
46104	
46105	
46106	
46107	
46108	
46109	
46110	
46111	
46112	
46113	
46114	
46115	
46116	
46117	
46118	
46119	
46120	
46121	
46122	
46123	
46124	
46125	
46126	
46127	
46128	
46129	
46130	
46102	
46036	
46037	
46038	
46039	
46131	
46040	
46132	
46133	
46100	
46141	
46142	
46144	
46145	
46146	
46147	
46148	
46150	
46151	
46152	
46153	
46154	
46167	
46169	
46170	
46171	
46172	
46176	
46177	
46178	
46179	
46182	
46183	
46184	
46188	
46189	
46190	
46192	
46193	
46185	
46198	
46199	
46203	
46201	
46204	
46205	
46207	
46209	
46211	
46219	
46220	
46221	
46222	
46223	
46224	
45637	
45638	
45639	
45628	
45629	
46210	
46214	
46217	
46225	
46227	
46228	
46229	
46230	
46232	
46231	
46234	
46233	
46238	
46236	
46239	
46240	
46241	
46242	
46243	
46237	
46248	
46249	
46213	
46244	
46245	
46250	
46252	
46253	
46255	
46256	
46257	
46258	
46259	
46260	
46261	
46262	
46263	
46264	
46266	
46268	
46269	
46270	
46271	
46272	
46273	
46274	
46275	
46276	
46278	
46279	
46280	
46281	
46282	
46283	
46284	
46285	
46286	
46287	
46288	
46289	
46290	
46291	
46292	
46293	
46294	
46295	
46296	
46297	
46298	
46299	
46300	
46301	
46265	
46267	
46302	
46303	
46304	
46305	
46306	
46307	
46308	
46309	
46313	
46314	
46315	
46317	
46318	
46319	
46320	
46310	
46322	
46323	
46324	
46326	
46327	
46328	
46329	
46330	
46331	
46316	
46247	
46336	
46325	
46333	
46334	
46335	
46337	
46339	
46340	
46341	
46342	
46343	
46345	
46346	
46311	
46347	
46338	
46349	
46350	
46351	
46352	
46353	
46354	
46355	
46356	
46312	
46332	
46359	
46360	
46361	
46362	
46363	
46364	
46365	
46366	
46367	
46368	
46369	
46357	
46370	
46371	
46372	
46375	
46376	
46377	
46358	
46378	
46379	
46380	
46381	
46382	
46383	
46384	
46385	
46386	
46387	
46388	
46389	
46390	
46391	
46396	
46397	
46398	
46373	
46374	
46392	
46393	
46394	
46395	
46399	
46400	
46401	
46402	
46403	
46404	
46405	
46406	
46407	
46408	
46409	
46410	
46411	
46412	
46413	
46414	
46415	
46416	
46417	
46418	
46419	
46420	
46421	
46422	
46423	
46424	
46425	
46426	
46427	
46428	
46429	
46430	
46431	
46432	
46433	
46434	
46435	
46436	
46437	
46438	
46439	
46440	
46441	
46442	
46443	
46444	
46445	
46446	
46447	
46448	
46449	
46450	
46451	
46452	
46453	
46454	
46455	
46456	
46457	
46458	
46459	
46460	
46461	
46462	
46463	
46464	
46465	
46466	
46467	
46468	
46469	
46470	
46471	
46472	
46473	
46474	
46476	
46477	
46478	
46479	
46480	
46481	
46482	
46483	
46484	
46485	
46487	
46490	
46491	
46492	
46493	
46494	
46495	
46496	
46497	
46498	
46499	
46506	
46512	
46513	
46514	
46515	
46516	
46517	
46518	
46519	
46520	
46521	
46522	
46523	
46524	
46525	
46526	
46527	
46528	
46501	
46531	
46532	
46534	
46535	
46536	
46538	
46539	
46540	
46541	
46542	
46543	
46544	
46545	
46546	
46547	
46548	
46549	
46550	
46551	
46552	
46553	
46554	
46555	
46500	
46556	
46558	
46559	
46560	
46561	
46529	
46562	
46563	
46564	
46565	
46566	
46567	
46568	
46569	
46572	
46573	
46574	
46575	
46576	
46577	
46578	
46579	
46580	
46581	
46585	
46592	
46594	
46595	
46596	
46597	
46598	
46600	
46601	
46602	
46603	
46582	
46583	
46584	
46586	
46604	
46588	
46570	
46605	
46606	
46607	
46610	
46611	
46612	
46608	
46613	
46615	
46616	
46617	
46619	
46620	
46624	
46625	
46626	
46627	
46628	
46629	
46630	
46631	
46618	
46632	
46633	
46635	
46642	
46643	
46644	
46634	
46671	
46645	
46672	
46673	
46646	
46647	
46648	
46649	
46650	
46651	
46676	
46652	
46679	
46653	
46654	
46655	
46656	
46657	
46658	
46659	
46660	
46677	
46661	
46662	
46663	
46664	
46621	
46678	
46665	
46666	
46680	
46675	
46667	
46681	
46682	
46668	
46669	
46674	
46683	
46684	
46685	
46686	
46687	
46688	
46670	
46689	
46622	
46641	
46690	
46691	
46692	
46623	
46705	
46710	
46711	
46712	
46713	
46714	
46715	
46706	
46708	
46718	
46720	
46696	
46722	
46725	
46728	
46724	
46732	
46719	
46729	
46693	
46698	
46702	
46703	
46704	
46733	
46734	
46758	
46759	
46760	
46730	
46763	
46735	
46736	
46737	
46731	
46755	
46761	
46738	
46739	
46740	
46741	
46742	
46743	
46744	
46745	
46746	
46782	
46783	
46747	
46748	
46749	
46750	
46751	
46752	
46753	
46754	
46787	
46788	
46789	
46790	
46791	
46792	
46793	
46794	
46795	
46796	
46797	
46765	
46766	
46798	
46804	
46805	
46767	
46811	
46813	
46814	
46815	
46768	
46818	
46769	
46822	
46819	
46820	
46821	
46823	
46824	
46825	
46770	
46831	
46771	
46833	
46827	
46828	
46850	
46851	
46852	
46772	
46808	
46809	
46854	
46855	
46857	
46858	
46859	
46860	
46861	
46862	
46863	
46864	
46865	
46866	
46773	
46774	
46871	
46810	
46872	
46873	
46875	
46775	
46868	
46776	
46777	
46778	
46878	
46880	
46882	
46883	
46884	
46885	
46886	
46779	
46888	
46889	
46890	
46891	
46780	
46817	
46876	
46877	
46881	
46895	
46903	
46904	
46905	
46906	
46907	
46909	
46908	
46910	
46892	
46911	
46916	
46914	
46915	
46893	
46887	
46917	
46912	
46834	
46849	
46919	
46920	
46921	
46922	
46923	
46924	
46925	
46926	
46927	
46928	
46929	
46930	
46931	
46932	
46933	
46829	
46839	
46939	
46940	
46950	
46951	
46955	
46956	
46949	
46953	
46954	
46952	
46959	
46963	
46964	
46967	
46968	
46936	
46970	
46971	
46972	
46973	
46974	
46975	
46976	
46977	
46978	
46979	
46980	
46981	
46982	
46983	
46984	
46985	
46986	
46987	
46988	
46989	
46990	
46991	
46994	
46992	
46993	
47003	
47005	
47007	
47008	
47009	
47011	
47012	
47013	
47014	
47015	
47016	
47017	
47018	
47019	
47020	
47021	
47022	
47023	
47024	
47025	
47027	
47028	
47029	
47030	
47031	
47032	
47033	
47034	
47035	
47036	
47037	
47038	
47039	
47040	
47041	
47042	
47043	
47044	
47045	
47046	
47047	
47048	
47049	
47050	
47051	
47052	
47053	
47054	
47055	
47056	
47057	
47059	
47060	
47063	
47065	
47064	
47067	
47069	
47070	
47071	
47072	
47073	
47074	
47075	
47076	
47077	
47078	
47079	
47080	
47081	
47082	
47083	
47085	
47086	
47087	
47090	
47092	
47093	
47102	
47088	
47089	
47095	
47096	
47097	
47098	
47099	
47104	
47105	
47106	
47107	
47108	
47109	
47110	
47111	
47112	
47113	
47114	
47115	
47116	
47117	
47118	
47119	
47120	
47121	
47122	
46935	
47125	
47126	
47127	
47100	
47128	
47129	
47130	
47131	
47132	
47133	
47134	
47135	
47136	
47137	
47138	
47139	
47140	
47141	
47142	
47143	
47144	
47145	
47146	
47147	
47148	
47149	
47151	
47152	
47154	
47155	
47156	
47157	
47158	
47159	
47160	
47161	
47162	
47163	
47164	
47165	
47166	
47211	
47212	
47213	
47214	
47215	
47216	
47217	
47218	
47219	
47220	
47221	
47222	
47223	
47224	
47225	
47226	
47227	
47228	
47229	
46799	
46801	
47231	
47232	
47233	
47234	
47235	
47236	
47237	
47238	
47239	
47240	
47241	
47242	
47243	
47244	
47245	
47248	
47249	
47250	
47251	
47252	
47253	
47254	
47255	
47256	
47257	
47258	
47259	
47260	
47261	
47262	
47263	
47264	
47266	
47265	
47267	
47268	
47269	
47270	
47271	
47272	
47273	
47274	
47275	
47276	
47278	
47279	
47280	
47282	
47281	
47283	
47288	
47284	
47286	
47287	
47277	
47285	
47293	
47294	
47296	
47297	
47289	
47299	
47290	
47291	
47292	
47300	
47301	
47302	
47303	
47304	
47305	
47306	
47307	
47308	
47309	
47310	
47311	
47312	
47313	
47314	
47315	
47316	
47317	
47318	
47319	
47321	
47322	
46941	
46934	
46942	
47330	
47331	
47332	
47333	
47334	
47335	
47336	
47337	
47338	
47339	
47340	
47341	
47342	
47343	
47344	
47345	
47346	
47347	
47348	
47349	
47350	
47351	
47352	
47353	
47354	
47356	
47357	
47358	
47359	
47360	
47361	
47362	
47363	
47364	
47365	
47366	
47367	
47368	
47369	
47370	
47371	
47372	
47373	
47375	
47376	
47377	
47378	
47379	
47380	
47381	
47382	
47383	
47384	
47385	
47386	
47387	
47388	
47389	
47390	
47391	
47392	
47393	
46830	
47394	
47395	
47396	
47397	
47398	
47399	
47400	
47401	
47402	
47403	
47404	
47405	
47406	
47410	
47411	
47413	
47414	
47415	
47416	
47418	
47419	
47420	
47422	
47424	
47425	
47427	
47428	
47429	
47430	
47431	
47432	
47433	
47434	
47435	
47436	
47437	
47438	
47439	
47440	
47441	
47442	
47443	
47444	
47445	
47446	
47447	
47448	
47449	
47450	
47451	
47456	
47457	
47459	
47452	
47460	
47462	
47464	
47465	
47466	
47470	
47471	
47472	
47453	
47473	
47474	
47475	
47476	
47477	
47479	
47480	
47481	
47482	
47483	
47484	
47485	
47486	
47488	
47489	
47454	
47455	
47490	
47491	
47492	
47493	
47494	
47496	
47497	
47498	
47499	
46943	
46944	
47407	
47408	
47409	
47515	
47478	
47514	
46945	
46946	
47516	
47532	
47533	
47534	
47535	
47536	
47537	
47538	
47539	
47540	
47541	
47504	
47505	
47542	
47543	
47544	
47545	
47546	
47547	
47548	
47549	
47550	
47551	
47552	
47553	
47554	
47555	
47556	
47557	
47558	
47559	
47560	
47561	
47562	
47563	
47564	
47565	
47566	
47567	
47568	
47569	
47570	
47571	
47572	
47573	
47574	
47575	
47576	
47577	
47578	
47579	
47580	
47581	
47582	
47583	
47584	
47585	
47586	
47587	
47588	
47589	
47590	
47591	
47592	
47593	
47594	
47595	
47596	
47597	
47598	
47606	
47607	
47608	
47609	
47610	
47611	
47612	
47613	
47614	
47615	
47616	
47617	
47618	
47619	
47620	
47621	
47622	
47623	
47624	
47625	
47626	
47628	
47629	
47630	
47631	
47632	
47634	
47635	
47636	
47637	
47638	
47639	
47644	
47645	
47647	
47648	
47649	
47650	
47525	
46947	
47526	
47527	
47528	
47529	
47530	
46948	
46918	
47374	
47518	
47426	
47665	
47669	
47670	
47672	
47673	
47640	
47668	
47680	
47682	
47687	
47689	
47691	
47692	
47693	
47694	
47705	
47713	
47714	
47722	
47723	
47724	
47725	
47726	
47727	
47728	
47729	
47730	
47731	
47732	
47733	
47734	
47735	
47736	
47737	
47738	
47739	
47740	
47741	
47742	
47744	
47745	
47750	
47751	
47517	
47704	
47752	
47756	
47757	
47760	
47759	
47761	
47762	
47766	
47769	
47771	
47772	
47779	
47780	
47781	
47782	
47783	
47784	
47786	
47788	
47789	
47790	
47791	
47792	
47793	
47794	
47795	
47796	
47797	
47798	
47663	
47721	
47801	
47802	
47803	
47805	
47806	
47807	
47808	
47809	
47810	
47811	
47812	
47813	
47814	
47815	
47816	
47817	
47818	
46802	
47819	
47820	
47821	
47822	
47823	
47824	
47825	
47826	
47827	
47828	
47829	
47830	
47831	
47832	
47833	
47835	
47834	
47837	
47838	
47839	
47841	
47842	
47846	
47847	
47848	
47849	
47850	
47851	
47852	
47854	
47855	
47856	
47858	
47859	
47860	
47861	
47865	
47866	
47867	
47868	
47869	
47870	
47871	
47873	
47874	
47875	
47876	
47877	
47878	
47879	
47872	
47897	
47898	
47899	
47900	
47901	
47902	
47904	
47905	
47906	
47907	
47908	
47909	
47911	
47912	
47913	
47914	
47915	
47916	
47917	
47684	
47918	
47919	
47920	
47921	
47929	
47930	
47931	
47932	
47933	
47934	
47935	
47936	
47937	
47938	
47939	
47941	
47942	
47943	
47944	
47688	
47945	
47946	
47947	
47664	
47671	
47950	
47706	
47922	
47923	
47924	
47925	
47926	
47927	
47928	
47880	
47707	
47951	
47953	
47881	
47708	
47709	
47864	
47956	
47957	
47958	
47959	
47960	
47961	
47962	
47963	
47964	
47965	
47967	
47968	
47969	
47970	
47971	
47972	
47977	
47979	
47980	
47981	
47982	
47983	
47986	
47987	
47989	
47990	
47991	
47992	
47710	
47993	
47994	
47995	
47996	
47997	
47998	
47999	
47711	
48001	
48007	
48008	
47712	
47719	
47949	
48000	
47948	
48009	
48010	
48011	
48013	
48014	
48015	
48016	
48017	
48018	
48019	
48020	
48021	
48022	
48023	
48024	
48025	
48026	
48004	
47966	
48027	
48028	
48029	
48030	
48031	
48032	
48002	
48035	
48036	
48037	
48038	
48039	
48040	
48041	
48042	
48043	
48044	
48045	
48046	
48047	
48048	
48049	
48050	
48051	
48052	
48053	
48054	
48055	
48056	
48057	
48058	
48059	
48060	
48061	
48066	
48067	
48068	
48062	
48070	
48063	
48074	
48080	
48089	
48095	
48012	
48107	
48108	
48111	
48112	
47975	
48114	
48115	
48116	
48117	
48118	
48119	
48121	
48122	
48123	
48125	
48124	
48131	
48130	
48132	
48134	
48136	
48137	
48138	
48139	
48140	
48141	
48102	
48142	
48145	
48071	
48033	
48146	
48147	
48148	
48149	
48034	
48150	
48151	
48152	
48153	
48154	
48162	
48163	
48103	
48164	
48165	
48166	
48167	
48168	
48169	
48170	
48171	
48173	
48174	
48175	
48176	
48177	
48178	
48179	
48180	
48181	
48182	
48183	
48184	
48185	
48186	
48187	
48188	
48144	
48190	
48191	
48192	
48193	
48194	
48197	
48198	
48199	
48200	
48201	
48202	
48203	
48189	
48195	
48204	
48217	
48218	
48219	
48220	
48221	
48222	
48223	
48224	
48225	
48226	
48227	
48235	
48240	
48242	
48243	
48244	
48245	
48246	
48247	
48250	
48252	
48155	
48261	
48262	
48263	
48264	
48266	
48236	
48241	
48216	
48234	
48238	
48271	
48270	
48272	
48273	
48274	
48277	
48278	
48279	
48280	
48275	
48276	
48281	
48282	
48283	
48284	
48285	
48286	
48287	
48288	
48289	
48292	
48293	
48294	
48295	
48296	
48297	
48298	
48299	
48300	
48301	
48303	
48304	
48305	
48308	
48310	
48311	
48312	
48313	
48317	
48319	
48323	
48324	
48325	
48326	
48327	
48329	
48290	
48332	
47230	
48338	
47778	
46803	
47774	
48340	
48342	
48344	
48345	
48346	
48347	
48349	
48302	
48356	
48357	
48309	
48359	
48360	
48361	
48362	
48363	
48364	
48365	
48366	
48367	
48368	
48369	
48370	
48371	
48372	
48373	
48358	
48321	
48328	
48374	
48375	
48376	
48377	
48378	
48379	
48380	
48381	
48382	
48383	
48384	
48385	
48386	
48387	
48388	
48389	
48390	
48391	
48393	
48394	
48395	
48396	
48397	
48398	
48401	
48403	
48404	
48405	
48407	
48408	
48409	
48410	
48411	
48412	
48414	
48418	
48419	
48420	
48421	
48422	
48424	
48425	
48427	
48428	
48429	
48431	
48432	
48433	
48434	
48437	
48439	
48400	
48440	
48441	
48442	
48443	
48444	
48445	
48446	
48392	
48447	
48448	
48449	
48450	
48451	
48452	
48453	
48454	
48457	
48458	
48461	
48455	
48463	
48464	
48459	
48460	
48466	
48468	
48469	
48470	
48471	
48472	
48473	
48474	
48476	
48477	
48478	
48479	
48480	
48481	
48482	
48467	
48484	
48512	
48513	
48514	
48515	
48485	
48462	
48501	
48493	
48465	
48516	
48517	
48518	
48519	
48520	
48539	
48540	
48541	
48543	
48544	
48546	
48547	
48542	
48502	
48505	
48506	
48552	
48521	
48522	
48523	
48524	
48525	
48526	
48507	
48555	
48556	
48538	
48560	
48563	
48564	
48561	
48562	
48565	
48566	
48548	
48568	
48569	
48570	
48571	
48572	
48573	
48574	
48575	
48576	
48577	
48578	
48579	
48580	
48581	
48582	
48583	
48584	
48585	
48586	
48587	
48588	
48589	
48590	
48591	
48592	
48593	
48594	
48595	
48596	
48597	
48598	
48599	
48600	
48601	
48602	
48603	
48604	
48605	
48606	
48607	
48608	
48610	
48611	
48612	
48613	
48496	
48614	
48172	
48268	
48269	
48322	
48617	
48618	
48619	
48620	
48621	
48622	
48623	
48099	
48624	
48625	
48626	
48627	
48628	
48629	
48630	
48631	
48632	
48633	
48634	
48635	
48636	
48637	
48638	
48639	
48640	
48641	
48642	
48643	
48644	
48645	
48646	
48647	
48648	
48649	
48650	
48651	
48652	
48653	
48654	
48655	
48656	
48657	
48658	
48659	
48660	
48661	
48662	
48663	
48664	
48665	
48666	
48667	
48609	
48669	
48670	
48671	
48672	
48673	
48674	
48675	
48676	
48677	
48678	
48679	
48680	
48682	
48683	
48685	
48690	
48554	
48549	
48697	
48699	
48700	
48701	
48702	
48703	
48704	
48705	
48706	
48707	
48708	
48710	
48711	
48712	
48714	
48715	
48716	
48717	
48718	
48719	
48720	
48722	
48723	
48724	
48725	
48726	
48727	
48729	
48730	
48731	
48732	
48733	
48734	
48735	
48736	
48737	
48738	
48739	
48740	
48741	
48742	
48743	
48744	
48745	
48746	
48747	
48748	
48749	
48750	
48751	
48752	
48754	
48755	
48756	
48757	
48758	
48759	
48698	
48691	
48692	
48668	
48693	
48694	
48695	
48763	
48764	
48765	
48728	
48773	
48774	
48776	
48777	
48778	
48779	
48781	
48785	
48786	
48787	
48788	
48789	
48790	
48791	
48792	
48793	
48794	
48799	
48800	
48801	
48802	
48798	
48803	
48804	
48807	
48808	
48809	
48810	
48811	
48812	
48813	
48760	
48814	
48766	
48767	
48761	
48768	
48769	
48770	
48771	
48772	
48783	
48784	
48805	
48806	
48815	
48684	
48817	
48818	
48819	
48820	
48821	
48822	
48823	
48824	
48825	
48826	
48827	
48816	
48828	
48829	
48830	
48831	
48832	
48833	
48834	
48835	
48836	
48837	
48838	
48839	
48840	
48843	
48844	
48845	
48846	
48841	
48848	
48850	
48762	
48851	
48853	
48854	
48852	
48858	
48859	
48857	
48867	
48860	
48686	
48687	
48861	
48856	
48876	
48877	
48882	
48873	
48883	
48868	
48889	
48884	
48892	
48893	
48878	
48879	
48881	
48894	
48896	
48897	
48898	
48899	
48870	
48888	
48903	
48904	
48900	
48890	
48905	
48906	
48907	
48910	
48911	
48912	
48913	
48914	
48917	
48918	
48921	
48688	
48689	
48721	
48926	
48927	
48928	
48922	
48923	
48924	
48925	
48930	
48929	
48908	
48915	
48937	
48940	
48941	
48942	
48946	
48947	
48948	
48943	
48944	
48938	
48951	
48952	
48953	
48954	
48955	
48958	
48959	
48960	
48961	
48962	
48956	
48869	
48963	
48871	
48968	
48970	
48969	
48966	
48972	
48973	
48975	
48976	
48980	
48981	
48982	
48891	
48983	
48984	
48985	
48986	
48987	
48988	
48989	
48990	
48993	
48995	
48991	
48998	
48996	
49000	
49002	
48997	
49001	
48895	
49003	
48939	
49005	
49007	
49009	
48978	
49010	
49011	
49012	
49013	
49015	
49008	
49016	
49017	
49018	
49020	
49021	
49022	
49006	
49019	
48935	
49014	
49023	
49024	
49025	
49026	
49027	
49028	
49029	
49030	
49031	
49032	
49033	
49034	
49037	
49035	
49036	
49040	
49041	
49042	
49043	
49044	
49045	
49046	
49047	
49049	
49050	
49051	
49052	
49053	
49054	
49055	
49056	
49057	
49058	
49059	
49060	
49061	
49062	
49063	
49064	
49065	
49066	
49067	
49068	
49070	
48936	
48949	
49072	
49073	
49074	
49075	
49076	
49077	
49078	
49079	
49080	
49081	
49082	
49083	
49085	
49086	
49089	
49090	
49087	
49092	
49094	
49095	
49093	
49084	
49105	
49088	
49106	
49107	
49108	
49109	
49110	
49111	
49112	
49113	
49114	
49115	
49117	
49118	
49120	
49121	
49122	
49123	
49124	
49125	
49126	
49127	
49128	
49129	
49133	
49135	
49136	
48950	
49137	
49138	
49140	
49134	
49130	
49141	
49142	
49144	
49145	
49131	
49158	
49159	
49160	
49161	
49162	
49163	
49164	
49165	
49166	
49167	
49168	
49149	
49150	
49172	
49173	
49174	
49151	
49152	
49153	
49132	
49154	
49191	
49176	
49177	
49192	
49193	
49178	
49190	
49143	
49196	
49156	
49188	
49197	
49157	
49181	
49182	
49194	
49198	
49199	
49200	
49201	
49202	
49203	
49204	
49205	
49206	
49207	
49183	
49184	
49208	
49209	
49210	
49211	
49185	
49186	
49187	
49212	
49213	
49214	
49215	
49216	
49217	
49218	
49219	
49220	
49221	
49222	
49223	
49224	
49225	
49233	
49226	
49228	
49229	
49230	
49231	
49243	
49244	
49245	
49246	
49247	
49248	
49252	
49253	
49254	
49255	
49256	
49257	
49258	
49259	
49260	
49261	
49262	
49263	
49249	
49232	
49250	
49251	
49240	
49241	
49242	
49265	
49266	
49195	
49264	
49267	
49269	
49270	
49271	
49272	
49273	
49274	
49275	
49276	
49277	
49278	
49279	
49280	
49281	
49282	
49268	
49283	
49284	
49291	
49292	
49294	
49295	
49285	
49296	
49286	
49297	
49299	
49338	
49339	
49340	
49341	
49342	
49343	
49344	
49345	
49346	
49348	
49349	
49300	
49381	
49382	
49301	
49302	
49303	
49304	
49305	
49306	
49307	
49308	
49309	
49383	
49366	
49367	
49368	
49369	
49370	
49371	
49372	
49373	
49374	
49375	
49310	
49287	
49384	
49385	
49386	
49387	
49388	
49389	
49391	
49392	
49393	
49394	
49395	
49396	
49311	
49399	
49400	
49312	
49401	
49397	
49313	
49314	
49315	
49402	
49316	
49398	
49403	
49317	
49407	
49408	
49409	
49410	
49411	
49412	
49318	
49319	
49320	
49321	
49365	
49322	
49323	
49324	
49413	
49414	
49415	
49416	
49325	
49326	
49327	
49328	
49329	
49330	
49331	
49332	
49417	
49418	
49419	
49420	
49333	
49421	
49334	
49335	
49336	
49337	
49350	
49422	
49351	
49352	
49424	
49353	
49354	
49427	
49355	
49356	
49444	
49445	
49446	
49357	
49358	
49359	
49447	
49360	
49361	
49362	
49390	
49428	
49429	
49449	
49450	
49451	
49430	
49431	
49432	
49433	
49434	
49435	
49436	
49437	
49438	
49439	
49298	
49441	
49452	
49442	
49443	
49453	
49454	
49455	
49406	
49456	
49457	
49458	
49459	
49460	
49461	
49462	
49463	
49466	
49467	
49468	
49469	
49470	
49471	
49472	
49473	
49474	
49475	
49476	
49477	
49477	
49478	
49479	
49480	
49480	
49481	
49482	
49483	
49484	
49485	
49486	
49487	
49488	
49489	
49490	
49491	
49492	
49493	
49494	
49495	
49496	
49363	
49448	
49497	
49498	
49499	
49500	
49501	
49364	
49071	
49096	
49502	
49503	
49504	
49505	
49506	
49507	
49508	
49509	
49510	
49511	
49512	
49513	
49514	
49515	
49516	
49517	
49518	
49519	
49520	
49521	
49522	
49523	
49524	
49525	
49534	
49537	
49538	
49539	
49540	
49526	
49527	
49528	
49529	
49530	
49531	
49532	
49541	
49542	
49543	
49544	
49545	
49546	
49547	
49548	
49551	
49553	
49554	
49555	
49556	
49557	
49559	
49560	
49561	
49562	
49563	
49564	
49565	
49566	
49533	
49570	
49567	
49568	
49571	
49572	
49564	
49573	
49574	
49576	
49577	
49578	
49579	
49580	
49581	
49582	
49583	
49584	
49585	
49586	
49587	
49590	
49591	
49592	
49593	
49594	
49595	
49598	
49599	
49600	
49601	
49602	
49603	
49604	
49605	
49606	
49607	
49608	
49609	
49610	
49611	
49612	
49613	
49614	
49615	
49616	
49617	
49618	
49619	
49620	
49621	
49622	
49623	
49624	
49625	
49626	
49627	
49628	
49629	
49630	
49631	
49632	
49633	
49634	
49635	
49636	
49637	
49638	
49639	
49640	
49641	
49642	
49643	
49644	
49645	
49646	
49647	
49648	
49649	
49650	
49651	
49652	
49653	
49654	
49655	
49656	
49657	
49658	
49659	
49660	
49661	
49662	
49663	
49664	
49665	
49666	
49667	
49668	
49669	
49670	
49671	
49672	
49673	
49674	
49675	
49676	
49677	
49678	
49679	
49680	
49681	
49682	
49683	
49684	
49685	
49686	
49687	
49688	
49689	
49690	
49691	
49692	
49694	
49693	
49697	
49698	
49699	
49700	
49701	
49703	
49704	
49705	
49706	
49707	
49709	
49710	
49711	
49712	
49702	
49713	
49714	
49715	
49716	
49717	
49718	
49719	
49720	
49722	
49736	
49737	
49738	
49739	
49740	
49741	
49742	
49743	
49744	
49745	
49746	
49747	
49748	
49749	
49750	
49751	
49752	
49753	
49754	
49755	
49756	
49757	
49758	
49759	
49760	
49761	
49762	
49763	
49764	
49765	
49768	
49769	
49770	
49771	
49772	
49773	
49774	
49775	
49776	
49777	
49778	
49779	
49780	
49781	
49782	
49785	
49787	
49788	
49789	
49790	
49795	
49796	
49797	
49798	
49804	
49805	
49813	
49812	
49814	
49815	
49816	
49817	
49818	
49820	
49821	
49822	
49535	
49536	
49102	
49103	
49104	
49783	
49836	
49837	
49838	
49839	
49840	
49841	
49846	
49848	
49825	
49721	
49832	
49833	
49847	
49849	
49856	
49857	
49858	
49859	
49861	
49862	
49863	
49864	
49865	
49866	
49867	
49868	
49869	
49870	
49871	
49872	
49873	
49874	
49875	
49723	
49880	
49881	
49882	
49883	
49884	
49885	
49887	
49888	
49889	
49890	
49891	
49892	
49819	
49904	
49905	
49906	
49907	
49908	
49909	
49910	
49911	
49912	
49913	
49914	
49915	
49916	
49917	
49918	
49919	
49920	
49921	
49922	
49923	
49924	
49925	
49926	
49927	
49928	
49850	
49930	
49931	
49932	
49934	
49935	
49724	
49725	
49937	
49938	
49939	
49942	
49943	
49944	
49945	
49946	
49947	
49948	
49949	
49950	
49951	
49952	
49953	
49954	
49835	
49936	
49955	
49956	
49959	
49960	
49961	
49933	
49962	
49963	
49964	
49791	
49958	
49970	
49971	
49972	
49973	
49974	
49975	
49976	
49977	
49978	
49979	
49980	
49981	
49982	
49983	
49984	
49985	
49986	
49987	
49988	
49989	
49990	
49991	
49992	
49993	
49834	
49994	
49996	
49997	
49998	
49999	
50000	
50002	
50003	
50004	
50005	
49929	
49995	
50006	
50007	
50008	
50009	
50010	
49966	
50013	
50014	
49965	
50016	
49726	
50015	
50017	
50018	
50019	
50020	
50021	
50022	
50023	
50024	
50025	
50026	
50027	
50028	
50029	
50030	
50031	
50032	
50033	
50034	
49969	
49727	
50035	
50036	
50038	
50039	
50040	
50041	
50042	
50043	
50044	
50046	
50047	
50048	
50049	
50052	
50051	
50054	
50056	
50057	
50058	
50059	
50060	
50061	
49728	
50062	
50063	
50067	
50068	
50069	
50070	
50071	
50072	
50076	
50077	
50078	
50079	
50080	
50081	
50082	
50083	
50084	
50085	
50086	
50087	
50088	
50089	
50090	
50091	
50092	
50093	
50094	
50095	
50096	
50097	
50098	
50099	
50100	
50101	
50102	
50103	
50104	
50105	
50106	
50107	
50109	
50110	
50111	
50112	
50113	
50114	
50115	
50116	
50117	
50118	
50119	
50120	
50123	
49729	
50125	
50126	
50127	
50128	
50129	
50130	
50131	
50132	
50133	
50134	
50135	
50136	
50137	
50138	
50140	
50141	
50142	
50143	
50144	
50145	
50146	
50147	
50148	
50149	
50152	
50153	
50154	
50155	
50156	
50157	
50158	
50159	
49730	
50160	
50161	
50162	
50164	
50165	
50166	
50167	
50168	
50169	
50170	
50171	
50172	
50173	
49731	
50174	
50175	
50176	
50177	
50178	
50179	
50181	
50182	
50183	
50184	
50185	
50186	
50188	
50189	
50190	
50191	
50192	
50193	
50194	
50195	
50196	
50197	
50198	
50199	
50200	
50201	
50202	
50203	
50204	
50205	
50206	
50207	
50208	
50050	
50210	
50211	
50212	
50053	
50180	
50187	
50216	
50217	
50218	
50209	
50213	
50219	
50220	
50221	
50222	
50224	
50227	
50228	
50225	
50231	
50232	
50233	
50234	
50235	
50236	
50237	
50238	
50124	
50239	
50240	
50241	
50242	
50243	
50244	
50245	
50246	
50247	
50248	
50249	
50250	
50251	
50252	
50253	
50254	
50255	
50256	
50257	
50258	
50259	
50260	
50261	
50262	
50263	
50264	
50265	
50266	
50267	
50268	
50274	
50269	
50275	
50277	
50278	
50270	
50271	
50272	
50279	
50280	
50281	
50282	
50283	
50273	
50284	
49732	
50285	
50286	
50287	
50288	
50289	
50290	
50291	
50298	
50299	
50300	
50292	
50301	
50302	
50293	
50303	
50304	
50305	
50311	
50294	
50313	
50314	
50315	
50316	
50295	
50317	
50318	
50296	
50297	
50306	
50319	
50307	
50308	
50309	
50310	
50312	
50325	
50326	
50327	
50328	
50329	
50330	
50332	
50333	
50334	
50335	
50336	
50337	
50338	
50339	
49733	
50340	
50341	
50342	
50343	
50344	
50345	
50347	
50349	
50350	
50356	
49734	
50351	
50352	
50353	
50354	
50355	
50331	
50346	
50358	
50359	
50360	
50361	
50362	
50364	
50365	
50366	
50367	
50368	
50348	
50363	
50369	
50229	
50370	
50371	
50372	
50373	
50374	
50375	
50378	
50380	
50381	
50230	
50382	
50357	
50377	
50379	
50383	
50384	
50385	
50386	
50387	
50388	
50389	
50390	
50391	
50392	
50393	
50395	
50396	
50397	
50398	
50399	
50400	
50401	
50403	
50405	
50406	
50407	
50408	
50409	
49723	
50413	
50414	
50415	
50416	
50418	
50419	
50420	
50139	
50121	
50150	
50151	
50421	
50422	
50423	
50425	
50163	
50427	
50428	
50429	
50430	
50431	
50432	
50445	
50460	
50461	
50462	
50463	
50464	
50465	
50466	
50467	
50468	
50469	
50470	
50471	
50472	
50473	
50474	
50433	
50434	
50435	
50436	
50437	
50438	
50439	
50440	
50441	
50442	
50443	
50444	
50446	
50447	
50448	
50475	
50449	
50476	
50477	
50478	
50479	
50480	
50481	
50450	
50451	
50452	
50482	
50483	
50484	
50485	
50486	
50487	
50488	
50489	
50490	
50453	
50454	
50455	
50491	
50456	
50457	
50458	
50459	
50492	
50493	
50494	
50495	
50496	
50497	
50498	
50499	
50500	
50501	
50502	
50503	
50504	
50505	
50510	
50511	
50512	
50515	
50516	
50517	
50518	
50519	
50520	
50522	
50523	
50528	
50529	
50530	
50531	
50532	
50534	
50535	
50536	
50537	
50538	
50539	
50540	
50541	
50542	
50543	
50544	
50545	
50546	
50547	
50513	
50549	
50558	
50559	
50560	
50514	
50550	
50551	
50552	
50553	
50554	
50555	
50556	
50557	
50561	
50563	
50564	
50565	
50566	
50567	
50568	
50562	
50569	
50570	
50576	
50527	
50577	
50579	
50580	
50581	
50571	
50572	
50584	
50585	
50586	
50573	
50574	
50587	
50589	
50410	
50590	
50417	
50533	
50594	
50598	
50601	
50602	
50606	
50607	
50608	
50609	
50610	
50611	
50612	
50615	
50616	
50617	
50618	
50619	
50620	
50622	
50621	
50623	
50624	
50625	
50626	
50627	
50628	
50688	
50630	
50631	
50632	
50633	
50634	
50635	
50636	
50637	
50638	
50639	
50640	
50641	
50642	
50603	
50604	
50605	
50657	
50658	
50659	
50660	
50661	
50643	
50644	
50645	
50646	
50647	
50648	
50649	
50650	
50690	
50651	
50691	
50652	
50653	
50676	
50677	
50678	
50679	
50680	
50681	
50682	
50683	
50684	
50685	
50686	
50675	
50662	
50663	
50664	
50665	
50666	
50667	
50411	
50668	
50669	
50670	
50671	
50692	
50506	
50507	
50694	
50695	
50696	
50697	
50698	
50700	
50702	
50703	
50704	
50705	
50706	
50707	
50708	
50709	
50710	
50711	
50712	
50713	
50714	
50751	
50715	
50716	
50717	
50718	
50719	
50720	
50721	
50722	
50723	
50724	
50725	
50752	
50726	
50727	
50728	
50729	
50742	
50743	
50744	
50745	
50746	
50747	
50748	
50730	
50731	
50732	
50733	
50749	
50750	
50734	
50735	
50508	
50736	
50737	
50738	
50739	
50740	
50741	
50753	
50754	
50755	
50756	
50757	
50758	
50759	
50760	
50761	
50762	
50763	
50689	
50588	
50592	
50764	
50583	
50765	
50766	
50767	
50768	
50769	
50770	
50771	
50772	
50773	
50774	
50775	
50776	
50777	
50778	
50779	
50780	
50781	
50782	
50785	
50613	
50614	
50786	
50787	
50788	
50789	
50790	
50791	
50792	
50793	
50794	
50795	
50796	
50797	
50798	
50799	
50800	
50801	
50802	
50803	
50804	
50805	
50806	
50807	
50808	
50809	
50810	
50811	
50812	
50813	
50814	
50815	
50816	
50817	
50818	
50819	
50820	
50821	
50830	
50593	
50600	
50831	
50832	
50833	
50834	
50835	
50836	
50837	
50840	
50844	
50845	
50848	
50850	
50851	
50853	
50855	
50822	
50823	
50824	
50825	
50826	
50827	
50828	
50829	
50412	
50548	
50599	
50575	
50863	
50864	
50865	
50866	
50867	
50868	
50869	
50870	
50871	
50872	
50873	
50874	
50875	
50876	
50877	
50878	
50879	
50880	
50881	
50882	
50883	
50884	
50885	
50886	
50887	
50888	
50889	
50890	
50891	
50892	
50893	
50894	
50895	
50896	
50897	
50898	
50899	
50900	
50901	
50902	
50903	
50904	
50839	
50841	
50847	
50852	
50854	
50856	
50905	
50906	
50907	
50908	
50909	
50910	
50911	
50912	
50913	
50917	
50918	
50920	
50921	
50922	
50924	
50926	
50927	
50929	
50930	
50932	
50933	
50935	
50936	
50937	
50938	
50939	
50940	
50941	
50942	
50943	
50944	
50945	
50946	
50947	
50948	
50949	
50950	
50849	
50952	
50951	
50953	
50954	
50955	
50956	
50957	
50958	
50959	
50960	
50961	
50962	
50963	
50964	
50965	
50966	
50967	
50968	
50969	
50970	
50971	
50972	
50973	
50974	
50975	
50976	
50977	
50978	
50979	
50980	
50981	
50982	
50983	
50984	
50985	
50987	
50989	
50990	
50991	
50992	
50993	
50994	
50995	
50996	
50997	
50998	
50999	
51000	
50986	
51001	
51002	
51003	
51008	
51009	
51010	
51011	
51012	
51013	
51014	
51015	
51016	
51017	
51018	
51019	
51020	
51021	
51022	
51023	
51024	
51025	
51026	
51027	
51028	
51029	
51030	
51031	
51033	
51034	
51035	
51036	
51037	
51038	
51039	
51032	
51041	
51042	
51043	
51044	
51045	
51046	
51047	
51048	
51049	
51050	
51051	
51052	
51054	
51055	
51056	
51057	
51058	
51059	
51060	
51061	
51063	
51065	
51067	
51069	
51071	
51073	
51074	
51075	
51076	
51077	
51078	
51079	
51080	
51082	
51083	
51084	
51085	
51086	
51087	
51088	
51089	
51090	
51091	
51092	
51093	
51094	
51095	
51096	
51097	
51098	
51099	
51100	
51101	
51102	
51103	
51104	
51105	
51106	
51109	
51006	
51053	
51007	
50861	
50862	
50914	
51112	
51062	
51064	
51113	
51114	
51115	
51116	
51117	
51118	
51119	
51120	
51121	
51122	
51123	
51124	
51125	
51126	
51127	
51128	
51066	
51129	
51130	
51131	
51132	
51133	
51134	
51135	
51136	
51137	
51138	
51139	
51140	
51141	
51142	
51143	
51144	
51145	
51146	
51147	
51148	
51149	
51150	
51151	
51152	
51153	
51154	
51156	
51157	
51158	
51068	
51159	
51160	
51162	
51163	
51164	
51165	
51166	
51167	
51168	
51169	
51170	
51171	
51172	
51173	
51174	
51175	
51176	
51177	
51178	
51179	
51070	
51180	
51181	
51182	
51183	
51072	
51185	
51186	
51187	
51188	
51189	
51192	
51193	
51107	
51108	
51194	
51195	
51196	
51197	
51198	
51199	
51203	
51204	
51205	
51206	
51207	
51208	
51209	
51210	
51211	
51212	
51213	
51214	
51215	
51216	
51217	
51218	
51219	
51220	
51221	
51222	
51223	
51224	
51225	
51226	
51227	
51228	
51229	
51230	
51231	
51232	
51233	
51234	
51235	
51236	
51237	
51238	
51239	
51240	
51241	
51242	
51243	
51244	
51245	
51247	
51248	
51249	
51250	
51251	
51252	
51253	
51254	
51255	
51256	
51257	
51258	
51259	
51260	
51261	
51262	
51263	
51264	
51265	
51266	
51267	
51268	
51269	
51270	
51271	
51272	
51273	
51274	
50857	
51275	
51276	
51277	
51278	
51280	
51281	
51282	
51283	
51284	
51285	
51286	
51287	
51288	
51289	
51290	
51291	
51292	
51293	
51294	
51297	
51298	
51299	
51295	
51300	
51301	
51302	
51303	
51304	
51305	
51306	
51310	
51311	
51312	
51313	
51314	
51315	
51316	
51317	
51318	
51319	
51320	
51321	
51322	
51323	
51324	
51325	
51326	
51327	
51328	
51329	
51330	
51331	
51332	
51333	
51334	
51335	
51336	
51337	
51338	
51339	
51340	
51341	
51342	
51343	
51344	
51345	
51346	
51347	
51348	
51349	
51350	
51351	
51352	
51353	
51354	
51358	
51355	
51356	
51357	
51307	
51308	
51309	
51360	
51363	
51364	
51365	
51366	
51368	
51369	
51370	
51371	
51362	
51372	
51373	
51374	
51375	
51377	
51379	
51380	
51381	
51382	
51386	
51387	
51388	
51389	
51390	
51391	
51392	
51393	
51395	
51396	
51376	
51397	
51399	
51402	
51401	
51403	
51404	
51406	
51407	
51408	
51409	
51410	
51411	
51412	
51413	
51414	
51415	
51405	
51417	
51418	
51419	
51420	
51421	
51422	
51423	
51424	
51425	
51426	
51427	
51398	
51428	
51429	
51430	
51431	
51432	
51359	
51433	
51434	
51435	
51436	
51437	
51438	
51439	
51440	
51441	
51442	
51443	
51444	
51445	
51446	
51447	
51448	
51449	
51450	
51451	
51452	
51453	
51454	
51455	
51456	
51457	
51458	
51459	
51460	
51461	
51462	
51463	
51465	
51466	
51467	
51469	
51472	
51473	
51474	
51475	
51476	
51477	
51479	
51480	
51481	
51483	
51484	
51485	
51486	
51487	
51488	
51489	
51491	
51492	
51493	
51494	
51495	
51496	
51497	
51498	
51499	
51500	
51501	
51502	
51503	
51504	
51505	
51506	
51507	
51508	
51510	
51511	
51512	
51513	
51514	
51515	
51516	
51517	
51518	
51519	
51520	
51521	
51522	
51523	
51524	
51525	
51526	
51527	
51528	
51529	
51530	
51546	
51531	
51532	
51533	
51534	
51535	
51536	
51554	
51555	
51556	
51558	
51560	
51569	
51570	
51571	
51572	
51573	
51537	
51538	
51539	
51540	
51541	
51542	
51543	
51574	
51544	
51561	
51577	
51578	
51579	
51581	
51582	
51583	
51584	
51545	
51547	
51548	
51549	
51550	
51551	
51585	
51586	
51588	
51589	
51590	
51591	
51592	
51593	
51594	
51595	
51596	
51557	
51599	
51600	
51601	
51575	
51603	
51604	
51605	
51606	
51607	
51608	
51609	
51610	
51611	
51612	
51613	
51614	
51615	
51616	
51617	
51618	
51619	
51620	
51621	
51622	
51623	
51624	
51625	
51626	
51627	
51628	
51629	
51630	
51631	
51632	
51633	
51634	
51635	
51636	
51637	
51638	
51639	
51642	
51640	
51564	
51648	
51565	
51566	
51649	
51650	
51652	
51653	
51654	
51567	
51568	
51655	
51656	
51657	
51658	
51659	
51660	
51661	
51662	
51663	
51664	
51668	
51669	
51670	
51671	
51672	
51673	
51674	
51675	
51676	
51685	
51686	
51687	
51688	
51689	
51690	
51691	
51692	
51665	
51666	
51667	
51693	
51694	
51695	
51696	
51697	
51698	
51677	
51678	
51679	
51680	
51699	
51681	
51710	
51682	
51683	
51684	
51711	
51712	
51110	
51597	
51111	
51598	
51190	
51700	
51701	
51702	
51703	
51704	
51705	
51706	
51707	
51708	
51651	
51714	
51715	
51716	
51717	
51718	
51719	
51721	
51722	
51723	
51724	
51725	
51726	
51727	
51728	
51279	
51730	
51731	
51733	
51734	
51737	
51738	
51587	
51739	
51741	
51742	
51743	
51744	
51745	
51709	
51746	
51747	
51748	
51751	
51753	
51754	
51749	
51750	
51755	
51756	
51757	
51758	
51759	
51760	
51761	
51762	
51763	
51764	
51765	
51766	
51768	
51769	
51770	
51771	
51772	
51773	
51776	
51777	
51778	
51779	
51780	
51781	
51782	
51784	
51785	
51786	
51787	
51788	
51789	
51790	
51791	
51792	
51793	
51794	
51795	
51796	
51797	
51798	
51799	
51800	
51801	
51802	
51803	
51804	
51805	
51806	
51807	
51808	
51809	
51810	
51811	
51812	
51813	
51814	
51815	
51816	
51767	
51818	
51819	
51820	
51821	
51822	
51823	
51824	
51732	
51825	
51826	
51827	
51828	
51829	
51830	
51831	
51736	
51832	
51833	
51835	
51836	
51837	
51838	
51839	
51840	
51841	
51842	
51843	
51844	
51845	
51846	
51847	
51848	
51857	
51858	
51859	
51860	
51861	
51862	
51863	
51866	
51869	
51870	
51871	
51872	
51873	
51874	
51875	
51876	
51877	
51878	
51879	
51880	
51881	
51910	
51912	
51913	
51914	
51916	
51917	
51909	
51882	
51883	
51884	
51885	
51886	
51887	
51888	
51920	
51921	
51922	
51923	
51849	
51850	
51851	
51852	
51853	
51924	
51925	
51926	
51854	
51889	
51890	
51891	
51892	
51893	
51894	
51895	
51896	
51897	
51898	
51899	
51900	
51901	
51902	
51903	
51904	
51905	
51942	
51948	
51855	
51950	
51951	
51952	
51954	
51957	
51856	
51959	
51927	
51963	
51964	
51966	
51968	
51944	
51970	
51973	
51974	
51928	
51975	
51976	
51977	
51929	
51930	
51931	
51932	
51984	
51971	
51933	
51934	
51935	
51936	
51937	
51985	
51986	
51987	
51972	
51988	
51989	
51990	
51919	
51991	
51992	
51993	
51907	
51994	
51995	
51946	
51949	
51982	
51908	
51983	
51998	
51996	
51997	
51960	
51961	
52005	
52006	
52007	
52008	
52009	
52010	
52011	
52012	
52037	
52038	
52039	
52040	
52041	
52013	
52014	
52015	
52016	
52017	
52018	
52019	
52042	
52045	
52046	
52047	
52049	
52050	
52051	
52052	
52053	
52054	
52069	
52070	
52071	
52072	
52073	
52020	
52021	
52022	
52002	
52003	
52055	
52023	
52024	
52025	
52026	
52027	
52028	
52029	
52074	
52075	
52076	
52077	
52078	
52079	
52080	
52030	
52081	
52082	
52031	
52032	
52086	
52087	
52088	
52089	
52091	
52092	
52093	
52095	
52033	
52034	
52097	
52035	
52036	
51864	
51868	
52098	
52099	
52103	
52104	
52105	
52106	
52107	
52108	
52085	
52057	
52058	
52059	
52111	
52112	
52114	
52116	
52117	
52118	
51918	
52060	
52115	
52119	
52061	
52062	
52063	
52064	
52065	
52120	
52121	
52122	
52123	
52124	
52125	
52128	
52129	
52130	
52135	
52101	
52138	
52139	
52127	
52067	
52140	
52144	
52141	
52126	
52158	
52159	
52160	
52161	
52162	
52163	
52096	
52143	
52153	
52164	
52165	
52166	
52167	
52168	
52146	
52154	
52155	
52156	
52171	
52170	
52174	
52175	
52176	
52169	
52178	
52179	
52180	
52181	
52182	
52183	
52184	
52185	
52186	
52187	
52188	
52190	
52191	
52196	
52197	
52198	
52199	
52201	
52206	
52208	
52209	
52210	
52211	
52212	
52213	
52207	
52214	
52235	
52247	
51980	
52142	
52251	
52255	
52256	
52257	
52205	
52277	
52281	
52284	
52285	
52286	
52287	
52288	
52289	
52270	
52292	
52293	
52294	
52295	
52296	
52297	
52298	
52299	
52304	
52305	
52306	
52307	
52313	
52315	
52332	
52325	
52308	
52338	
52310	
52342	
52343	
52177	
52248	
52319	
52215	
52216	
52217	
52309	
52290	
52364	
52366	
52336	
52368	
52369	
52370	
52373	
52382	
52383	
52374	
52384	
52385	
52386	
52387	
52388	
52389	
52390	
52391	
52392	
52393	
52395	
52396	
52397	
52375	
52376	
52377	
52405	
52378	
52379	
52380	
52409	
52381	
52412	
52189	
52202	
52203	
52426	
52221	
52222	
52223	
52224	
52225	
52226	
52441	
52444	
52445	
52453	
52454	
52456	
52460	
52461	
52462	
52463	
52464	
52465	
52466	
52467	
52468	
52469	
52470	
52471	
52474	
52485	
52491	
52492	
52493	
52494	
52495	
52496	
52497	
51834	
52499	
52500	
52501	
52502	
52503	
52504	
52506	
52472	
52508	
52510	
52511	
52512	
52513	
52514	
52515	
52516	
52517	
52518	
52519	
52520	
52521	
52522	
52523	
52427	
52227	
52228	
52529	
52530	
52533	
52534	
52229	
52535	
52357	
52358	
52537	
52538	
52544	
52545	
52546	
52547	
52548	
52549	
52550	
52428	
52552	
52401	
52553	
52554	
52555	
52556	
52557	
52558	
52566	
52567	
52570	
52573	
52574	
52576	
52577	
52580	
52582	
52583	
52586	
52587	
52588	
52589	
52590	
52591	
52592	
52593	
52594	
52595	
52596	
52597	
52598	
52599	
52600	
52601	
52602	
52603	
52402	
52604	
52605	
52606	
52607	
52608	
52610	
52612	
52615	
52616	
52617	
52618	
52619	
52620	
52627	
52629	
52631	
52634	
52429	
52637	
52430	
52639	
52640	
52641	
52660	
52414	
52411	
52431	
52665	
52669	
52421	
52433	
52440	
52068	
52674	
52680	
52681	
52278	
52696	
52700	
52710	
52536	
52671	
52690	
52532	
52676	
52714	
52654	
52715	
52716	
52698	
52711	
52719	
52722	
52678	
52729	
52311	
52730	
52723	
52724	
52725	
52744	
52745	
52746	
52747	
52748	
52749	
52750	
52752	
52754	
52755	
52756	
52757	
52758	
52759	
52768	
52769	
52770	
52771	
52775	
52776	
52779	
52743	
52734	
52644	
52781	
52760	
52784	
52737	
52790	
52793	
52789	
52795	
52796	
52797	
52798	
52761	
52799	
52800	
52801	
52802	
52803	
52812	
52814	
52815	
52818	
52675	
52785	
52821	
52689	
52823	
52824	
52805	
52809	
52883	
52884	
52762	
52885	
52886	
52887	
52888	
52889	
52890	
52891	
52763	
52764	
52765	
52894	
52896	
52898	
52804	
52899	
52900	
52901	
52726	
52903	
52909	
52910	
52911	
52912	
52913	
52919	
52924	
52925	
52926	
52927	
52928	
52929	
52930	
52931	
52932	
52933	
52934	
52935	
52936	
52937	
52938	
52939	
52940	
52941	
52638	
52434	
52942	
52943	
52944	
52945	
52946	
52947	
52948	
52949	
52950	
52951	
52952	
52953	
52954	
52955	
52958	
52959	
52960	
52957	
52966	
52970	
52978	
52981	
52982	
52987	
52988	
52984	
52985	
52986	
52990	
52991	
52992	
52993	
52994	
52995	
52996	
52997	
52998	
53001	
53003	
53004	
53005	
53006	
53007	
53010	
53011	
53024	
53027	
53028	
53030	
53031	
53032	
53035	
53036	
53037	
53038	
53043	
53044	
53045	
53046	
53047	
53048	
53049	
53050	
53051	
53052	
53053	
53059	
53061	
53062	
53063	
53064	
53065	
53066	
53068	
53072	
53073	
53074	
53075	
53077	
53078	
53079	
53085	
53086	
53087	
53088	
53092	
53095	
53116	
53117	
53118	
53120	
53121	
53122	
53123	
53124	
53125	
53126	
53127	
53128	
53129	
53131	
53132	
53133	
53134	
53135	
51867	
52407	
52684	
52772	
52773	
52727	
52787	
52811	
52838	
52840	
52841	
52842	
52843	
52844	
52845	
52846	
52847	
52963	
52964	
52974	
52975	
53084	
53021	
53136	
53137	
53138	
53139	
53140	
52848	
52849	
52850	
52699	
52701	
52923	
52851	
53141	
53142	
53143	
53144	
53145	
53146	
53147	
53148	
53149	
53150	
53151	
53152	
53153	
53154	
53155	
53156	
53157	
53158	
53159	
53160	
53162	
53161	
53163	
53164	
53165	
53166	
53167	
53168	
53169	
53170	
53171	
53172	
53173	
53176	
52852	
52853	
52854	
53098	
53180	
53181	
53182	
53183	
53184	
53185	
53186	
53187	
52825	
53188	
53189	
53194	
53191	
53193	
53196	
53197	
53195	
53200	
53202	
53203	
53206	
53208	
53211	
53212	
53215	
53216	
53217	
53218	
53219	
53221	
53222	
53223	
53224	
53225	
52917	
53199	
53213	
53041	
53042	
52918	
52498	
53231	
53234	
53236	
53240	
52921	
53242	
53243	
53244	
53245	
53246	
53247	
53248	
53251	
53252	
53253	
53254	
53255	
53256	
53272	
53288	
53235	
53237	
53238	
53289	
53290	
53291	
53292	
53293	
53294	
53295	
53296	
53297	
53298	
53300	
53257	
53258	
53255	
53256	
53199	
53305	
53304	
53189	
53306	
53201	
53307	
53308	
53200	
53196	
53195	
53271	
52551	
52922	
52965	
53309	
53209	
53115	
53311	
53315	
53319	
53321	
53327	
53324	
53329	
53330	
53331	
53318	
53332	
53337	
53338	
53339	
53322	
53333	
53355	
53356	
53357	
53362	
53363	
53353	
53326	
53334	
53367	
53328	
53368	
52584	
53373	
53374	
53375	
53386	
53390	
53394	
53395	
53396	
53335	
53380	
53381	
53336	
53400	
53382	
53383	
53354	
53372	
53397	
53405	
53391	
53392	
53323	
53349	
53350	
53406	
53393	
53401	
53399	
53416	
53325	
53402	
53360	
53412	
53366	
53425	
53426	
53427	
53428	
53434	
53435	
53436	
53438	
53441	
53445	
53446	
53442	
53415	
53447	
53448	
53449	
53450	
53241	
52777	
53178	
53414	
53444	
53422	
53220	
53417	
53432	
53464	
53466	
53467	
53468	
53469	
53470	
53471	
53472	
53473	
53465	
53226	
53463	
53476	
53477	
53478	
53474	
53408	
53516	
53517	
53529	
53536	
53423	
53537	
53538	
53539	
53540	
53541	
53542	
53544	
53545	
53546	
53547	
53559	
53560	
53561	
53562	
53563	
53564	
53518	
53483	
53479	
53549	
53556	
53409	
53566	
53567	
53485	
53486	
53487	
53568	
53569	
53570	
53488	
53489	
53490	
53572	
53491	
53492	
53493	
53573	
53494	
53495	
53571	
53496	
53565	
53497	
53498	
53582	
53499	
53500	
53501	
53502	
53543	
53503	
53504	
53505	
53506	
53507	
53508	
53509	
53510	
53511	
53481	
53557	
53584	
53585	
53586	
53587	
53589	
53588	
53590	
53591	
53592	
53593	
53594	
53595	
53596	
53597	
53598	
53599	
53600	
53601	
53602	
53603	
53619	
53620	
53583	
53576	
53604	
53605	
53621	
53622	
53606	
53607	
53608	
53609	
53610	
53611	
53623	
53624	
53625	
53626	
53627	
53629	
53630	
53612	
53613	
53614	
53631	
53615	
53616	
53617	
53633	
53618	
53634	
53635	
53636	
53578	
53637	
53638	
53639	
53640	
53641	
53644	
53645	
53646	
53647	
53648	
53650	
53642	
53655	
53643	
53658	
53649	
53659	
53660	
53661	
53656	
53662	
53577	
53653	
53651	
53652	
53579	
53663	
53657	
53668	
53669	
53670	
53671	
53672	
53673	
53674	
53675	
53676	
53677	
53678	
53679	
53680	
53681	
53682	
53683	
53684	
53685	
53687	
53688	
53689	
53690	
53691	
53692	
53693	
53696	
53694	
53697	
53698	
53699	
53700	
53701	
53702	
53706	
53707	
53708	
53709	
53710	
53711	
53712	
53713	
53714	
53715	
53716	
53717	
53580	
53718	
53719	
53720	
53721	
53722	
53723	
53724	
53725	
53736	
53737	
53738	
53740	
53741	
53747	
53748	
53726	
53727	
53728	
53729	
53730	
53731	
53732	
53733	
53734	
53735	
53749	
53750	
53751	
53760	
53761	
53762	
53767	
53772	
53773	
53780	
53781	
53779	
53782	
53783	
53703	
53784	
53785	
53666	
53667	
53786	
53787	
53788	
53789	
53704	
53795	
53705	
53797	
53790	
53798	
53799	
53800	
53801	
53803	
53804	
53805	
53807	
53811	
53813	
53814	
53664	
53825	
53826	
53827	
53828	
53829	
53830	
53831	
53836	
53837	
53838	
53839	
53841	
53842	
53843	
53844	
53845	
53846	
53851	
53852	
53853	
53854	
53817	
53812	
53832	
53833	
53665	
53855	
53856	
53869	
53870	
53871	
53872	
53875	
53876	
53878	
53879	
53880	
53834	
53835	
53810	
53840	
53847	
53848	
53881	
53882	
53883	
53884	
53885	
53886	
53887	
53888	
53894	
53895	
53896	
53897	
53898	
53899	
53900	
53901	
53902	
53903	
53904	
53905	
53906	
53907	
53908	
53816	
53822	
53909	
53910	
53918	
53823	
53824	
53919	
53921	
53922	
53923	
53924	
53925	
53926	
53927	
53928	
53931	
53932	
53933	
53934	
53935	
53939	
53940	
53942	
53943	
53944	
53945	
53808	
53809	
53874	
53936	
53948	
53949	
53950	
53951	
53937	
53952	
53791	
53953	
53954	
53955	
53956	
53957	
53958	
53959	
53960	
53961	
53964	
53965	
53966	
53967	
53968	
53969	
53971	
53972	
53973	
53974	
53976	
53911	
53977	
53912	
53978	
53979	
53980	
53981	
53982	
53983	
53984	
53985	
53986	
53987	
53988	
53989	
53990	
53992	
53996	
53993	
53997	
53975	
54004	
54005	
54006	
53913	
54007	
53914	
54008	
54009	
54010	
54013	
54015	
54016	
53877	
54018	
54019	
53962	
54023	
54020	
53963	
53915	
53916	
53818	
53820	
54027	
54028	
53864	
53994	
54029	
54038	
54037	
54040	
53917	
54043	
54042	
54044	
53849	
54051	
54052	
53962	
54050	
54021	
54022	
54078	
54053	
54054	
54081	
54082	
54083	
54084	
54085	
54086	
54087	
53941	
