Number of OOM Failure occurs: 87

Job ID which experience OOM Failure: 
42922
42943
43080
43305
43309
43481
43597
43643
43832
44428
44468
44848
44985
45054
45105
45253
45399
45448
46105
46604
46774
46776
46895
46942
47254
47536
47827
48000
48030
48178
48197
48237
48254
48255
48296
48299
48300
48302
48356
48507
48788
48839
49081
49421
49943
49944
50028
50063
50120
50163
50190
50348
50357
50379
50392
50393
50399
50400
50406
51145
51421
51422
51423
51688
51760
51814
52357
52358
52551
52630
52676
52743
52790
52792
52793
52804
52820
53021
53183
53466
53467
53567
53568
53573
53659
53660
53881
